202
(
2.66229358E-02
2.66229358E-02
2.61786952E-02
2.61786952E-02
2.50872579E-02
2.50872579E-02
2.35839959E-02
2.35839959E-02
2.17593272E-02
2.17593272E-02
1.95834862E-02
1.95834862E-02
1.71492355E-02
1.71492355E-02
1.44943935E-02
1.44943935E-02
1.16026504E-02
1.16026504E-02
8.69307849E-03
8.69307849E-03
5.77442406E-03
5.77442406E-03
2.89113150E-03
2.89113150E-03
1.51131498E-04
1.51131498E-04
-2.41738022E-03
-2.41738022E-03
-4.84893986E-03
-4.84893986E-03
-7.12632008E-03
-7.12632008E-03
-9.23553517E-03
-9.23553517E-03
-1.12547401E-02
-1.12547401E-02
-1.31254842E-02
-1.31254842E-02
-1.45647299E-02
-1.45647299E-02
-1.53551478E-02
-1.53551478E-02
-1.54455657E-02
-1.54455657E-02
-1.48949032E-02
-1.48949032E-02
-1.39953109E-02
-1.39953109E-02
-1.30854230E-02
-1.30854230E-02
-1.23712538E-02
-1.23712538E-02
-1.19132518E-02
-1.19132518E-02
-1.16470948E-02
-1.16470948E-02
-1.14256881E-02
-1.14256881E-02
-1.10959225E-02
-1.10959225E-02
-1.07499490E-02
-1.07499490E-02
-1.04386340E-02
-1.04386340E-02
-1.00166972E-02
-1.00166972E-02
-9.49095821E-03
-9.49095821E-03
-8.71043833E-03
-8.71043833E-03
-7.07335372E-03
-7.07335372E-03
-4.92524975E-03
-4.92524975E-03
-3.28371050E-03
-3.28371050E-03
-2.12861366E-03
-2.12861366E-03
-1.29624873E-03
-1.29624873E-03
-7.20436290E-04
-7.20436290E-04
-1.86940877E-04
-1.86940877E-04
2.90391437E-04
2.90391437E-04
6.63682977E-04
6.63682977E-04
8.16765545E-04
8.16765545E-04
6.92244648E-04
6.92244648E-04
3.76896024E-04
3.76896024E-04
-1.91085627E-05
-1.91085627E-05
-5.02064220E-04
-5.02064220E-04
-1.93220183E-03
-1.93220183E-03
-5.61453619E-03
-5.61453619E-03
-9.60416922E-03
-9.60416922E-03
-6.37760449E-03
-6.37760449E-03
7.22840979E-03
7.22840979E-03
1.96750255E-02
1.96750255E-02
1.48299694E-02
1.48299694E-02
-1.76271152E-03
-1.76271152E-03
-9.02095821E-03
-9.02095821E-03
-6.05800204E-03
-6.05800204E-03
-4.83720693E-03
-4.83720693E-03
-1.04805301E-02
-1.04805301E-02
-2.89205912E-02
-2.89205912E-02
-6.25666667E-02
-6.25666667E-02
-9.65702345E-02
-9.65702345E-02
-1.14143731E-01
-1.14143731E-01
-1.12113150E-01
-1.12113150E-01
-9.44991845E-02
-9.44991845E-02
-6.61213048E-02
-6.61213048E-02
-3.03521916E-02
-3.03521916E-02
8.55672783E-03
8.55672783E-03
4.54881753E-02
4.54881753E-02
7.70921509E-02
7.70921509E-02
1.02920489E-01
1.02920489E-01
1.23035678E-01
1.23035678E-01
1.37546381E-01
1.37546381E-01
1.47148828E-01
1.47148828E-01
1.52785933E-01
1.52785933E-01
1.55874618E-01
1.55874618E-01
1.57285423E-01
1.57285423E-01
1.57225280E-01
1.57225280E-01
1.55872579E-01
1.55872579E-01
1.53474006E-01
1.53474006E-01
1.50300714E-01
1.50300714E-01
1.46517839E-01
1.46517839E-01
1.42189602E-01
1.42189602E-01
1.37116208E-01
1.37116208E-01
1.30765545E-01
1.30765545E-01
1.23153925E-01
1.23153925E-01
1.14701325E-01
1.14701325E-01
1.05384302E-01
1.05384302E-01
9.51336391E-02
9.51336391E-02
8.42872579E-02
8.42872579E-02
7.34402650E-02
7.34402650E-02
6.31998981E-02
6.31998981E-02
5.39829766E-02
5.39829766E-02
4.61109072E-02
4.61109072E-02
3.97551478E-02
3.97551478E-02
3.48765545E-02
3.48765545E-02
3.12908257E-02
3.12908257E-02
2.88068298E-02
2.88068298E-02
2.78202854E-02
2.78202854E-02
)
