202
(
3.03997961E-02
3.03997961E-02
3.07339450E-02
3.07339450E-02
3.13278287E-02
3.13278287E-02
3.17616718E-02
3.17616718E-02
3.20046891E-02
3.20046891E-02
3.20064220E-02
3.20064220E-02
3.17388379E-02
3.17388379E-02
3.11649337E-02
3.11649337E-02
3.02628950E-02
3.02628950E-02
2.90060143E-02
2.90060143E-02
2.73722732E-02
2.73722732E-02
2.53449541E-02
2.53449541E-02
2.29053007E-02
2.29053007E-02
2.00467890E-02
2.00467890E-02
1.67657492E-02
1.67657492E-02
1.30723751E-02
1.30723751E-02
8.97739042E-03
8.97739042E-03
4.51180428E-03
4.51180428E-03
-2.66442406E-04
-2.66442406E-04
-5.32667686E-03
-5.32667686E-03
-1.07115189E-02
-1.07115189E-02
-1.64050968E-02
-1.64050968E-02
-2.22632008E-02
-2.22632008E-02
-2.80711519E-02
-2.80711519E-02
-3.37180428E-02
-3.37180428E-02
-3.88285423E-02
-3.88285423E-02
-4.33377166E-02
-4.33377166E-02
-4.71873598E-02
-4.71873598E-02
-5.01763507E-02
-5.01763507E-02
-5.23712538E-02
-5.23712538E-02
-5.35677880E-02
-5.35677880E-02
-5.41342508E-02
-5.41342508E-02
-5.48517839E-02
-5.48517839E-02
-5.54477064E-02
-5.54477064E-02
-5.43247706E-02
-5.43247706E-02
-5.13956167E-02
-5.13956167E-02
-4.87051988E-02
-4.87051988E-02
-4.68733945E-02
-4.68733945E-02
-4.54722732E-02
-4.54722732E-02
-4.44161060E-02
-4.44161060E-02
-4.36557594E-02
-4.36557594E-02
-4.35513761E-02
-4.35513761E-02
-4.40122324E-02
-4.40122324E-02
-4.38976555E-02
-4.38976555E-02
-4.18504587E-02
-4.18504587E-02
-3.83679918E-02
-3.83679918E-02
-3.59623853E-02
-3.59623853E-02
-3.50584098E-02
-3.50584098E-02
-3.44702345E-02
-3.44702345E-02
-3.42759429E-02
-3.42759429E-02
-3.56829766E-02
-3.56829766E-02
-4.26370031E-02
-4.26370031E-02
-6.17681957E-02
-6.17681957E-02
-8.94254842E-02
-8.94254842E-02
-1.02968400E-01
-1.02968400E-01
-9.15600408E-02
-9.15600408E-02
-6.45863405E-02
-6.45863405E-02
-3.17256881E-02
-3.17256881E-02
-2.91131498E-04
-2.91131498E-04
2.56371050E-02
2.56371050E-02
4.28225280E-02
4.28225280E-02
5.24092762E-02
5.24092762E-02
5.91639144E-02
5.91639144E-02
6.34776758E-02
6.34776758E-02
6.07214067E-02
6.07214067E-02
4.97975535E-02
4.97975535E-02
3.64687054E-02
3.64687054E-02
2.55406728E-02
2.55406728E-02
1.80834862E-02
1.80834862E-02
1.39055046E-02
1.39055046E-02
1.17706422E-02
1.17706422E-02
1.02887870E-02
1.02887870E-02
9.17717635E-03
9.17717635E-03
8.59348624E-03
8.59348624E-03
8.50673802E-03
8.50673802E-03
8.70544343E-03
8.70544343E-03
8.73271152E-03
8.73271152E-03
8.09608563E-03
8.09608563E-03
6.66757390E-03
6.66757390E-03
4.43846075E-03
4.43846075E-03
1.64376147E-03
1.64376147E-03
-1.03188583E-03
-1.03188583E-03
-2.99635066E-03
-2.99635066E-03
-3.77583078E-03
-3.77583078E-03
-3.28202854E-03
-3.28202854E-03
-1.69762487E-03
-1.69762487E-03
6.10304791E-04
6.10304791E-04
3.27293578E-03
3.27293578E-03
6.18726809E-03
6.18726809E-03
9.13087666E-03
9.13087666E-03
1.20050968E-02
1.20050968E-02
1.48091743E-02
1.48091743E-02
1.74372069E-02
1.74372069E-02
1.98216106E-02
1.98216106E-02
2.19837920E-02
2.19837920E-02
2.38890928E-02
2.38890928E-02
2.55442406E-02
2.55442406E-02
2.69756371E-02
2.69756371E-02
2.81747197E-02
2.81747197E-02
2.91714577E-02
2.91714577E-02
2.96256881E-02
2.96256881E-02
)
