// Data on points
202
(

0.016123
0.016123
0.0160995
0.0160995
0.0160163
0.0160163
0.0158508
0.0158508
0.0155879
0.0155879
0.0152182
0.0152182
0.0147347
0.0147347
0.0141324
0.0141324
0.0134087
0.0134087
0.0125628
0.0125628
0.0115958
0.0115958
0.0105098
0.0105098
0.00930801
0.00930801
0.00799627
0.00799627
0.00657971
0.00657971
0.00507125
0.00507125
0.00349579
0.00349579
0.00186477
0.00186477
0.000176228
0.000176228
-0.00157353
-0.00157353
-0.00337423
-0.00337423
-0.00518124
-0.00518124
-0.00695078
-0.00695078
-0.00865308
-0.00865308
-0.0102313
-0.0102313
-0.0116537
-0.0116537
-0.0129053
-0.0129053
-0.0139432
-0.0139432
-0.0147297
-0.0147297
-0.0152369
-0.0152369
-0.0154542
-0.0154542
-0.0153913
-0.0153913
-0.0150744
-0.0150744
-0.0145045
-0.0145045
-0.0135674
-0.0135674
-0.0122635
-0.0122635
-0.0109844
-0.0109844
-0.0099937
-0.0099937
-0.00920712
-0.00920712
-0.00859528
-0.00859528
-0.00814299
-0.00814299
-0.00779452
-0.00779452
-0.00751938
-0.00751938
-0.0072924
-0.0072924
-0.00709952
-0.00709952
-0.00692863
-0.00692863
-0.00676924
-0.00676924
-0.00661389
-0.00661389
-0.00645956
-0.00645956
-0.00630699
-0.00630699
-0.00615722
-0.00615722
-0.0060119
-0.0060119
-0.00587201
-0.00587201
-0.00573788
-0.00573788
-0.00560935
-0.00560935
-0.00548592
-0.00548592
-0.00536642
-0.00536642
-0.00524935
-0.00524935
-0.0051332
-0.0051332
-0.00501633
-0.00501633
-0.00489696
-0.00489696
-0.00477323
-0.00477323
-0.00464348
-0.00464348
-0.00450677
-0.00450677
-0.00436282
-0.00436282
-0.00421257
-0.00421257
-0.00405877
-0.00405877
-0.00389877
-0.00389877
-0.00372016
-0.00372016
-0.00351438
-0.00351438
-0.00327888
-0.00327888
-0.00300928
-0.00300928
-0.0027009
-0.0027009
-0.00234903
-0.00234903
-0.0019485
-0.0019485
-0.00149416
-0.00149416
-0.000981017
-0.000981017
-0.000404423
-0.000404423
0.000239659
0.000239659
0.000953936
0.000953936
0.00173914
0.00173914
0.00259753
0.00259753
0.00352553
0.00352553
0.00451228
0.00451228
0.00554991
0.00554991
0.00662785
0.00662785
0.00772987
0.00772987
0.00883765
0.00883765
0.00993076
0.00993076
0.0109867
0.0109867
0.011983
0.011983
0.0128989
0.0128989
0.0137166
0.0137166
0.0144217
0.0144217
0.0150039
0.0150039
0.0154584
0.0154584
0.0157873
0.0157873
0.0159987
0.0159987
0.0161092
0.0161092
0.0161438
0.0161438
0.0161456
0.0161456

)

// ************************************************************************* //
