202
(
-4.59039755E-03
-4.59039755E-03
-3.75426096E-03
-3.75426096E-03
-2.02778797E-03
-2.02778797E-03
-2.72445464E-04
-2.72445464E-04
1.41444444E-03
1.41444444E-03
3.02673802E-03
3.02673802E-03
4.53047910E-03
4.53047910E-03
5.86295617E-03
5.86295617E-03
6.97891947E-03
6.97891947E-03
7.83716616E-03
7.83716616E-03
8.39483180E-03
8.39483180E-03
8.61900102E-03
8.61900102E-03
8.47271152E-03
8.47271152E-03
7.90985729E-03
7.90985729E-03
6.92838940E-03
6.92838940E-03
5.50622834E-03
5.50622834E-03
3.64838940E-03
3.64838940E-03
1.36313965E-03
1.36313965E-03
-1.35949032E-03
-1.35949032E-03
-4.48058104E-03
-4.48058104E-03
-7.96429154E-03
-7.96429154E-03
-1.17851172E-02
-1.17851172E-02
-1.59111111E-02
-1.59111111E-02
-2.03137615E-02
-2.03137615E-02
-2.48746177E-02
-2.48746177E-02
-2.94395515E-02
-2.94395515E-02
-3.37689093E-02
-3.37689093E-02
-3.76377166E-02
-3.76377166E-02
-4.06624873E-02
-4.06624873E-02
-4.29639144E-02
-4.29639144E-02
-4.47350663E-02
-4.47350663E-02
-4.55855250E-02
-4.55855250E-02
-4.56695209E-02
-4.56695209E-02
-4.57376147E-02
-4.57376147E-02
-4.58018349E-02
-4.58018349E-02
-4.42531091E-02
-4.42531091E-02
-4.09911315E-02
-4.09911315E-02
-3.80190622E-02
-3.80190622E-02
-3.59190622E-02
-3.59190622E-02
-3.43470948E-02
-3.43470948E-02
-3.31844037E-02
-3.31844037E-02
-3.23497452E-02
-3.23497452E-02
-3.18378186E-02
-3.18378186E-02
-3.15026504E-02
-3.15026504E-02
-3.11593272E-02
-3.11593272E-02
-3.06479103E-02
-3.06479103E-02
-3.02679918E-02
-3.02679918E-02
-3.08422018E-02
-3.08422018E-02
-3.21908257E-02
-3.21908257E-02
-3.10594292E-02
-3.10594292E-02
-2.38990826E-02
-2.38990826E-02
-1.51462793E-02
-1.51462793E-02
-1.39148828E-02
-1.39148828E-02
-1.76817533E-02
-1.76817533E-02
-2.29320082E-02
-2.29320082E-02
-4.11732926E-02
-4.11732926E-02
-8.07328236E-02
-8.07328236E-02
-1.21277268E-01
-1.21277268E-01
-1.34470948E-01
-1.34470948E-01
-1.19632008E-01
-1.19632008E-01
-8.88149847E-02
-8.88149847E-02
-5.07713558E-02
-5.07713558E-02
-1.33295617E-02
-1.33295617E-02
1.89948012E-02
1.89948012E-02
4.50720693E-02
4.50720693E-02
6.64799185E-02
6.64799185E-02
8.49017329E-02
8.49017329E-02
9.99312946E-02
9.99312946E-02
1.11140673E-01
1.11140673E-01
1.18531091E-01
1.18531091E-01
1.21575943E-01
1.21575943E-01
1.19594292E-01
1.19594292E-01
1.12792049E-01
1.12792049E-01
1.02390418E-01
1.02390418E-01
8.98181448E-02
8.98181448E-02
7.64995923E-02
7.64995923E-02
6.40537207E-02
6.40537207E-02
5.36223242E-02
5.36223242E-02
4.54468909E-02
4.54468909E-02
3.89122324E-02
3.89122324E-02
3.31292559E-02
3.31292559E-02
2.78326198E-02
2.78326198E-02
2.30552497E-02
2.30552497E-02
1.87452599E-02
1.87452599E-02
1.47888889E-02
1.47888889E-02
1.11931702E-02
1.11931702E-02
8.17731906E-03
8.17731906E-03
5.80496432E-03
5.80496432E-03
3.91049949E-03
3.91049949E-03
2.37921509E-03
2.37921509E-03
1.17567788E-03
1.17567788E-03
2.83106014E-04
2.83106014E-04
-3.91164118E-04
-3.91164118E-04
-1.08104995E-03
-1.08104995E-03
-2.10099898E-03
-2.10099898E-03
-3.62388379E-03
-3.62388379E-03
-5.44963303E-03
-5.44963303E-03
-6.88102956E-03
-6.88102956E-03
-7.33229358E-03
-7.33229358E-03
-6.75573904E-03
-6.75573904E-03
-6.22516820E-03
-6.22516820E-03
)
