201
(
5.23312946E-02
5.22964322E-02
5.22964322E-02
5.21266055E-02
5.21266055E-02
5.17430173E-02
5.17430173E-02
5.10882773E-02
5.10882773E-02
5.00902141E-02
5.00902141E-02
4.87099898E-02
4.87099898E-02
4.69303772E-02
4.69303772E-02
4.47531091E-02
4.47531091E-02
4.21604485E-02
4.21604485E-02
3.91439348E-02
3.91439348E-02
3.56917431E-02
3.56917431E-02
3.18050968E-02
3.18050968E-02
2.74907238E-02
2.74907238E-02
2.27622834E-02
2.27622834E-02
1.76515800E-02
1.76515800E-02
1.22110092E-02
1.22110092E-02
6.50457696E-03
6.50457696E-03
5.74653415E-04
5.74653415E-04
-5.68787971E-03
-5.68787971E-03
-1.22707441E-02
-1.22707441E-02
-1.89884811E-02
-1.89884811E-02
-2.55951070E-02
-2.55951070E-02
-3.19260958E-02
-3.19260958E-02
-3.76812436E-02
-3.76812436E-02
-4.27689093E-02
-4.27689093E-02
-4.69608563E-02
-4.69608563E-02
-5.01529052E-02
-5.01529052E-02
-5.22579001E-02
-5.22579001E-02
-5.32377166E-02
-5.32377166E-02
-5.36158002E-02
-5.36158002E-02
-5.40261978E-02
-5.40261978E-02
-5.47240571E-02
-5.47240571E-02
-5.42060143E-02
-5.42060143E-02
-5.13817533E-02
-5.13817533E-02
-4.78228338E-02
-4.78228338E-02
-4.52101937E-02
-4.52101937E-02
-4.34614679E-02
-4.34614679E-02
-4.23547401E-02
-4.23547401E-02
-4.15608563E-02
-4.15608563E-02
-4.01407747E-02
-4.01407747E-02
-3.79637105E-02
-3.79637105E-02
-3.74185525E-02
-3.74185525E-02
-3.93926606E-02
-3.93926606E-02
-3.97801223E-02
-3.97801223E-02
-3.63480122E-02
-3.63480122E-02
-3.55420999E-02
-3.55420999E-02
-4.05589195E-02
-4.05589195E-02
-4.92835882E-02
-4.92835882E-02
-6.81856269E-02
-6.81856269E-02
-9.21841998E-02
-9.21841998E-02
-9.75994903E-02
-9.75994903E-02
-7.89023445E-02
-7.89023445E-02
-4.90191641E-02
-4.90191641E-02
-1.89537207E-02
-1.89537207E-02
4.97828746E-03
4.97828746E-03
2.25821611E-02
2.25821611E-02
3.56463812E-02
3.56463812E-02
4.55013252E-02
4.55013252E-02
5.22028542E-02
5.22028542E-02
5.53086646E-02
5.53086646E-02
5.52474006E-02
5.52474006E-02
5.16762487E-02
5.16762487E-02
4.45400612E-02
4.45400612E-02
3.65465851E-02
3.65465851E-02
3.05745158E-02
3.05745158E-02
2.71837920E-02
2.71837920E-02
2.56287462E-02
2.56287462E-02
2.49323140E-02
2.49323140E-02
2.42216106E-02
2.42216106E-02
2.25729867E-02
2.25729867E-02
1.93895005E-02
1.93895005E-02
1.47317023E-02
1.47317023E-02
9.28416922E-03
9.28416922E-03
4.51735984E-03
4.51735984E-03
2.22604485E-03
2.22604485E-03
2.65277268E-03
2.65277268E-03
5.15456677E-03
5.15456677E-03
9.11447503E-03
9.11447503E-03
1.37434251E-02
1.37434251E-02
1.86057085E-02
1.86057085E-02
2.33824669E-02
2.33824669E-02
2.79104995E-02
2.79104995E-02
3.21567788E-02
3.21567788E-02
3.61039755E-02
3.61039755E-02
3.95344546E-02
3.95344546E-02
4.24863405E-02
4.24863405E-02
4.50882773E-02
4.50882773E-02
4.72640163E-02
4.72640163E-02
4.90917431E-02
4.90917431E-02
5.06296636E-02
5.06296636E-02
5.18464832E-02
5.18464832E-02
5.27465851E-02
5.27465851E-02
5.33555556E-02
5.33555556E-02
5.36965341E-02
5.36965341E-02
5.37942915E-02
5.37942915E-02
5.37025484E-02
5.37025484E-02
5.34478084E-02
5.34478084E-02
5.30806320E-02
5.30806320E-02
5.27127421E-02
5.27127421E-02
5.25406728E-02
5.25406728E-02
)
