0.00000e+00,0.00000e+00,0.00000e+00
0.00000e+00,0.00000e+00,2.90000e-01
1.52020e-03,2.38114e-04,0.00000e+00
1.52020e-03,2.38114e-04,2.90000e-01
3.03742e-03,4.94608e-04,0.00000e+00
3.03742e-03,4.94608e-04,2.90000e-01
4.55178e-03,7.67513e-04,0.00000e+00
4.55178e-03,7.67513e-04,2.90000e-01
6.06345e-03,1.05490e-03,0.00000e+00
6.06345e-03,1.05490e-03,2.90000e-01
7.57267e-03,1.35487e-03,0.00000e+00
7.57267e-03,1.35487e-03,2.90000e-01
9.07973e-03,1.66558e-03,0.00000e+00
9.07973e-03,1.66558e-03,2.90000e-01
1.05849e-02,1.98519e-03,0.00000e+00
1.05849e-02,1.98519e-03,2.90000e-01
1.20886e-02,2.31190e-03,0.00000e+00
1.20886e-02,2.31190e-03,2.90000e-01
1.35911e-02,2.64395e-03,0.00000e+00
1.35911e-02,2.64395e-03,2.90000e-01
1.50928e-02,2.97956e-03,0.00000e+00
1.50928e-02,2.97956e-03,2.90000e-01
1.65941e-02,3.31700e-03,0.00000e+00
1.65941e-02,3.31700e-03,2.90000e-01
1.80954e-02,3.65453e-03,0.00000e+00
1.80954e-02,3.65453e-03,2.90000e-01
1.95970e-02,3.99040e-03,0.00000e+00
1.95970e-02,3.99040e-03,2.90000e-01
2.10994e-02,4.32287e-03,0.00000e+00
2.10994e-02,4.32287e-03,2.90000e-01
2.26030e-02,4.65017e-03,0.00000e+00
2.26030e-02,4.65017e-03,2.90000e-01
2.41080e-02,4.97055e-03,0.00000e+00
2.41080e-02,4.97055e-03,2.90000e-01
2.56149e-02,5.28219e-03,0.00000e+00
2.56149e-02,5.28219e-03,2.90000e-01
2.71239e-02,5.58329e-03,0.00000e+00
2.71239e-02,5.58329e-03,2.90000e-01
2.86353e-02,5.87197e-03,0.00000e+00
2.86353e-02,5.87197e-03,2.90000e-01
3.01494e-02,6.14636e-03,0.00000e+00
3.01494e-02,6.14636e-03,2.90000e-01
3.16663e-02,6.40452e-03,0.00000e+00
3.16663e-02,6.40452e-03,2.90000e-01
3.31863e-02,6.64451e-03,0.00000e+00
3.31863e-02,6.64451e-03,2.90000e-01
3.47092e-02,6.86429e-03,0.00000e+00
3.47092e-02,6.86429e-03,2.90000e-01
3.62352e-02,7.06185e-03,0.00000e+00
3.62352e-02,7.06185e-03,2.90000e-01
3.77641e-02,7.23511e-03,0.00000e+00
3.77641e-02,7.23511e-03,2.90000e-01
3.92958e-02,7.38198e-03,0.00000e+00
3.92958e-02,7.38198e-03,2.90000e-01
4.08300e-02,7.50035e-03,0.00000e+00
4.08300e-02,7.50035e-03,2.90000e-01
4.23662e-02,7.58810e-03,0.00000e+00
4.23662e-02,7.58810e-03,2.90000e-01
4.39040e-02,7.64314e-03,0.00000e+00
4.39040e-02,7.64314e-03,2.90000e-01
4.54426e-02,7.66339e-03,0.00000e+00
4.54426e-02,7.66339e-03,2.90000e-01
4.69812e-02,7.64687e-03,0.00000e+00
4.69812e-02,7.64687e-03,2.90000e-01
4.85189e-02,7.59163e-03,0.00000e+00
4.85189e-02,7.59163e-03,2.90000e-01
5.00546e-02,7.49586e-03,0.00000e+00
5.00546e-02,7.49586e-03,2.90000e-01
5.15861e-02,7.34780e-03,0.00000e+00
5.15861e-02,7.34780e-03,2.90000e-01
5.31109e-02,7.14145e-03,0.00000e+00
5.31109e-02,7.14145e-03,2.90000e-01
5.46275e-02,6.88169e-03,0.00000e+00
5.46275e-02,6.88169e-03,2.90000e-01
5.61350e-02,6.57333e-03,0.00000e+00
5.61350e-02,6.57333e-03,2.90000e-01
5.76328e-02,6.22108e-03,0.00000e+00
5.76328e-02,6.22108e-03,2.90000e-01
5.91208e-02,5.82946e-03,0.00000e+00
5.91208e-02,5.82946e-03,2.90000e-01
6.05992e-02,5.40276e-03,0.00000e+00
6.05992e-02,5.40276e-03,2.90000e-01
6.20683e-02,4.94506e-03,0.00000e+00
6.20683e-02,4.94506e-03,2.90000e-01
6.35287e-02,4.46021e-03,0.00000e+00
6.35287e-02,4.46021e-03,2.90000e-01
6.49810e-02,3.95182e-03,0.00000e+00
6.49810e-02,3.95182e-03,2.90000e-01
6.64261e-02,3.42328e-03,0.00000e+00
6.64261e-02,3.42328e-03,2.90000e-01
6.78649e-02,2.87783e-03,0.00000e+00
6.78649e-02,2.87783e-03,2.90000e-01
6.92984e-02,2.31853e-03,0.00000e+00
6.92984e-02,2.31853e-03,2.90000e-01
7.07276e-02,1.74831e-03,0.00000e+00
7.07276e-02,1.74831e-03,2.90000e-01
7.21536e-02,1.17000e-03,0.00000e+00
7.21536e-02,1.17000e-03,2.90000e-01
7.35773e-02,5.86331e-04,0.00000e+00
7.35773e-02,5.86331e-04,2.90000e-01
7.50000e-02,9.54176e-14,0.00000e+00
7.50000e-02,9.54176e-14,2.90000e-01
7.64227e-02,-5.86331e-04,0.00000e+00
7.64227e-02,-5.86331e-04,2.90000e-01
7.78464e-02,-1.17000e-03,0.00000e+00
7.78464e-02,-1.17000e-03,2.90000e-01
7.92724e-02,-1.74831e-03,0.00000e+00
7.92724e-02,-1.74831e-03,2.90000e-01
8.07016e-02,-2.31853e-03,0.00000e+00
8.07016e-02,-2.31853e-03,2.90000e-01
8.21351e-02,-2.87783e-03,0.00000e+00
8.21351e-02,-2.87783e-03,2.90000e-01
8.35739e-02,-3.42328e-03,0.00000e+00
8.35739e-02,-3.42328e-03,2.90000e-01
8.50190e-02,-3.95182e-03,0.00000e+00
8.50190e-02,-3.95182e-03,2.90000e-01
8.64713e-02,-4.46021e-03,0.00000e+00
8.64713e-02,-4.46021e-03,2.90000e-01
8.79317e-02,-4.94506e-03,0.00000e+00
8.79317e-02,-4.94506e-03,2.90000e-01
8.94008e-02,-5.40276e-03,0.00000e+00
8.94008e-02,-5.40276e-03,2.90000e-01
9.08792e-02,-5.82946e-03,0.00000e+00
9.08792e-02,-5.82946e-03,2.90000e-01
9.23672e-02,-6.22108e-03,0.00000e+00
9.23672e-02,-6.22108e-03,2.90000e-01
9.38650e-02,-6.57333e-03,0.00000e+00
9.38650e-02,-6.57333e-03,2.90000e-01
9.53725e-02,-6.88169e-03,0.00000e+00
9.53725e-02,-6.88169e-03,2.90000e-01
9.68891e-02,-7.14145e-03,0.00000e+00
9.68891e-02,-7.14145e-03,2.90000e-01
9.84139e-02,-7.34780e-03,0.00000e+00
9.84139e-02,-7.34780e-03,2.90000e-01
9.99454e-02,-7.49586e-03,0.00000e+00
9.99454e-02,-7.49586e-03,2.90000e-01
1.01481e-01,-7.59163e-03,0.00000e+00
1.01481e-01,-7.59163e-03,2.90000e-01
1.03019e-01,-7.64687e-03,0.00000e+00
1.03019e-01,-7.64687e-03,2.90000e-01
1.04557e-01,-7.66339e-03,0.00000e+00
1.04557e-01,-7.66339e-03,2.90000e-01
1.06096e-01,-7.64314e-03,0.00000e+00
1.06096e-01,-7.64314e-03,2.90000e-01
1.07634e-01,-7.58810e-03,0.00000e+00
1.07634e-01,-7.58810e-03,2.90000e-01
1.09170e-01,-7.50035e-03,0.00000e+00
1.09170e-01,-7.50035e-03,2.90000e-01
1.10704e-01,-7.38198e-03,0.00000e+00
1.10704e-01,-7.38198e-03,2.90000e-01
1.12236e-01,-7.23511e-03,0.00000e+00
1.12236e-01,-7.23511e-03,2.90000e-01
1.13765e-01,-7.06185e-03,0.00000e+00
1.13765e-01,-7.06185e-03,2.90000e-01
1.15291e-01,-6.86429e-03,0.00000e+00
1.15291e-01,-6.86429e-03,2.90000e-01
1.16814e-01,-6.64451e-03,0.00000e+00
1.16814e-01,-6.64451e-03,2.90000e-01
1.18334e-01,-6.40452e-03,0.00000e+00
1.18334e-01,-6.40452e-03,2.90000e-01
1.19851e-01,-6.14636e-03,0.00000e+00
1.19851e-01,-6.14636e-03,2.90000e-01
1.21365e-01,-5.87197e-03,0.00000e+00
1.21365e-01,-5.87197e-03,2.90000e-01
1.22876e-01,-5.58329e-03,0.00000e+00
1.22876e-01,-5.58329e-03,2.90000e-01
1.24385e-01,-5.28219e-03,0.00000e+00
1.24385e-01,-5.28219e-03,2.90000e-01
1.25892e-01,-4.97055e-03,0.00000e+00
1.25892e-01,-4.97055e-03,2.90000e-01
1.27397e-01,-4.65017e-03,0.00000e+00
1.27397e-01,-4.65017e-03,2.90000e-01
1.28901e-01,-4.32287e-03,0.00000e+00
1.28901e-01,-4.32287e-03,2.90000e-01
1.30403e-01,-3.99040e-03,0.00000e+00
1.30403e-01,-3.99040e-03,2.90000e-01
1.31905e-01,-3.65453e-03,0.00000e+00
1.31905e-01,-3.65453e-03,2.90000e-01
1.33406e-01,-3.31700e-03,0.00000e+00
1.33406e-01,-3.31700e-03,2.90000e-01
1.34907e-01,-2.97956e-03,0.00000e+00
1.34907e-01,-2.97956e-03,2.90000e-01
1.36409e-01,-2.64395e-03,0.00000e+00
1.36409e-01,-2.64395e-03,2.90000e-01
1.37911e-01,-2.31190e-03,0.00000e+00
1.37911e-01,-2.31190e-03,2.90000e-01
1.39415e-01,-1.98519e-03,0.00000e+00
1.39415e-01,-1.98519e-03,2.90000e-01
1.40920e-01,-1.66558e-03,0.00000e+00
1.40920e-01,-1.66558e-03,2.90000e-01
1.42427e-01,-1.35487e-03,0.00000e+00
1.42427e-01,-1.35487e-03,2.90000e-01
1.43937e-01,-1.05490e-03,0.00000e+00
1.43937e-01,-1.05490e-03,2.90000e-01
1.45448e-01,-7.67513e-04,0.00000e+00
1.45448e-01,-7.67513e-04,2.90000e-01
1.46963e-01,-4.94608e-04,0.00000e+00
1.46963e-01,-4.94608e-04,2.90000e-01
1.48480e-01,-2.38114e-04,0.00000e+00
1.48480e-01,-2.38114e-04,2.90000e-01
1.50000e-01,0.00000e+00,0.00000e+00
1.50000e-01,0.00000e+00,2.90000e-01
