202
(
1.13655454E-03
1.13655454E-03
2.05043833E-03
2.05043833E-03
3.78916412E-03
3.78916412E-03
5.42887870E-03
5.42887870E-03
7.00004077E-03
7.00004077E-03
8.42312946E-03
8.42312946E-03
9.70230377E-03
9.70230377E-03
1.07835882E-02
1.07835882E-02
1.16095821E-02
1.16095821E-02
1.21652396E-02
1.21652396E-02
1.23978593E-02
1.23978593E-02
1.22792049E-02
1.22792049E-02
1.17653415E-02
1.17653415E-02
1.08355759E-02
1.08355759E-02
9.47930683E-03
9.47930683E-03
7.68881753E-03
7.68881753E-03
5.45931702E-03
5.45931702E-03
2.78881753E-03
2.78881753E-03
-3.14373089E-04
-3.14373089E-04
-3.81543323E-03
-3.81543323E-03
-7.66499490E-03
-7.66499490E-03
-1.18482161E-02
-1.18482161E-02
-1.63644241E-02
-1.63644241E-02
-2.11638124E-02
-2.11638124E-02
-2.61024465E-02
-2.61024465E-02
-3.09846075E-02
-3.09846075E-02
-3.56172273E-02
-3.56172273E-02
-3.97807339E-02
-3.97807339E-02
-4.31251784E-02
-4.31251784E-02
-4.57455657E-02
-4.57455657E-02
-4.77195719E-02
-4.77195719E-02
-4.87507645E-02
-4.87507645E-02
-4.89547401E-02
-4.89547401E-02
-4.91400612E-02
-4.91400612E-02
-4.94682977E-02
-4.94682977E-02
-4.82264016E-02
-4.82264016E-02
-4.51274210E-02
-4.51274210E-02
-4.22439348E-02
-4.22439348E-02
-4.01381244E-02
-4.01381244E-02
-3.84463812E-02
-3.84463812E-02
-3.71574924E-02
-3.71574924E-02
-3.59850153E-02
-3.59850153E-02
-3.52250765E-02
-3.52250765E-02
-3.52917431E-02
-3.52917431E-02
-3.54344546E-02
-3.54344546E-02
-3.38876656E-02
-3.38876656E-02
-2.99834862E-02
-2.99834862E-02
-2.75996942E-02
-2.75996942E-02
-2.93739042E-02
-2.93739042E-02
-2.98691131E-02
-2.98691131E-02
-2.13077472E-02
-2.13077472E-02
-7.85668705E-03
-7.85668705E-03
-4.64401631E-03
-4.64401631E-03
-1.07171254E-02
-1.07171254E-02
-1.76652396E-02
-1.76652396E-02
-3.51807339E-02
-3.51807339E-02
-7.23516820E-02
-7.23516820E-02
-1.09217125E-01
-1.09217125E-01
-1.19522936E-01
-1.19522936E-01
-1.03836901E-01
-1.03836901E-01
-7.32774720E-02
-7.32774720E-02
-3.64713558E-02
-3.64713558E-02
-4.59327217E-04
-4.59327217E-04
3.14582059E-02
3.14582059E-02
5.81726809E-02
5.81726809E-02
8.00748216E-02
8.00748216E-02
9.74700306E-02
9.74700306E-02
1.10277268E-01
1.10277268E-01
1.18144750E-01
1.18144750E-01
1.19884811E-01
1.19884811E-01
1.14971458E-01
1.14971458E-01
1.04521916E-01
1.04521916E-01
9.06983690E-02
9.06983690E-02
7.57557594E-02
7.57557594E-02
6.19150866E-02
6.19150866E-02
5.08704383E-02
5.08704383E-02
4.29514781E-02
4.29514781E-02
3.71991845E-02
3.71991845E-02
3.21817533E-02
3.21817533E-02
2.73900102E-02
2.73900102E-02
2.29455657E-02
2.29455657E-02
1.88587156E-02
1.88587156E-02
1.51582059E-02
1.51582059E-02
1.19316004E-02
1.19316004E-02
9.23568807E-03
9.23568807E-03
7.06133537E-03
7.06133537E-03
5.39630989E-03
5.39630989E-03
4.16704383E-03
4.16704383E-03
3.24507645E-03
3.24507645E-03
2.46990826E-03
2.46990826E-03
1.66664628E-03
1.66664628E-03
6.12226300E-04
6.12226300E-04
-1.03865443E-03
-1.03865443E-03
-3.25618756E-03
-3.25618756E-03
-5.34024465E-03
-5.34024465E-03
-6.56579001E-03
-6.56579001E-03
-6.62069317E-03
-6.62069317E-03
-5.56031600E-03
-5.56031600E-03
-3.78440367E-03
-3.78440367E-03
-1.78099898E-03
-1.78099898E-03
-7.73151886E-04
-7.73151886E-04
)
