201
(
2.70614679E-02
2.74093782E-02
2.74093782E-02
2.80377166E-02
2.80377166E-02
2.85100917E-02
2.85100917E-02
2.87981651E-02
2.87981651E-02
2.88536188E-02
2.88536188E-02
2.86469929E-02
2.86469929E-02
2.81412844E-02
2.81412844E-02
2.73095821E-02
2.73095821E-02
2.61269113E-02
2.61269113E-02
2.45621814E-02
2.45621814E-02
2.26055046E-02
2.26055046E-02
2.02292559E-02
2.02292559E-02
1.74320082E-02
1.74320082E-02
1.42084608E-02
1.42084608E-02
1.05649337E-02
1.05649337E-02
6.51611621E-03
6.51611621E-03
2.08615698E-03
2.08615698E-03
-2.66906218E-03
-2.66906218E-03
-7.72389399E-03
-7.72389399E-03
-1.30991845E-02
-1.30991845E-02
-1.87911315E-02
-1.87911315E-02
-2.47202854E-02
-2.47202854E-02
-3.06232416E-02
-3.06232416E-02
-3.64139653E-02
-3.64139653E-02
-4.17012232E-02
-4.17012232E-02
-4.63917431E-02
-4.63917431E-02
-5.04951070E-02
-5.04951070E-02
-5.37225280E-02
-5.37225280E-02
-5.62394495E-02
-5.62394495E-02
-5.76058104E-02
-5.76058104E-02
-5.82376147E-02
-5.82376147E-02
-5.88835882E-02
-5.88835882E-02
-5.95155963E-02
-5.95155963E-02
-5.89041794E-02
-5.89041794E-02
-5.61303772E-02
-5.61303772E-02
-5.30963303E-02
-5.30963303E-02
-5.10147808E-02
-5.10147808E-02
-4.95075433E-02
-4.95075433E-02
-4.83403670E-02
-4.83403670E-02
-4.73633028E-02
-4.73633028E-02
-4.66991845E-02
-4.66991845E-02
-4.66100917E-02
-4.66100917E-02
-4.69255861E-02
-4.69255861E-02
-4.67446483E-02
-4.67446483E-02
-4.50017329E-02
-4.50017329E-02
-4.16151886E-02
-4.16151886E-02
-3.76454638E-02
-3.76454638E-02
-3.56901121E-02
-3.56901121E-02
-3.73993884E-02
-3.73993884E-02
-4.14483180E-02
-4.14483180E-02
-5.18793068E-02
-5.18793068E-02
-7.85058104E-02
-7.85058104E-02
-1.10788991E-01
-1.10788991E-01
-1.20457696E-01
-1.20457696E-01
-1.01969419E-01
-1.01969419E-01
-6.83011213E-02
-6.83011213E-02
-3.11149847E-02
-3.11149847E-02
1.17436290E-03
1.17436290E-03
2.63600408E-02
2.63600408E-02
4.46251784E-02
4.46251784E-02
5.58114169E-02
5.58114169E-02
6.15005097E-02
6.15005097E-02
6.51174312E-02
6.51174312E-02
6.76931702E-02
6.76931702E-02
6.60445464E-02
6.60445464E-02
5.78149847E-02
5.78149847E-02
4.57438328E-02
4.57438328E-02
3.39528033E-02
3.39528033E-02
2.48964322E-02
2.48964322E-02
1.93000000E-02
1.93000000E-02
1.61278287E-02
1.61278287E-02
1.38023445E-02
1.38023445E-02
1.17803262E-02
1.17803262E-02
1.02237513E-02
1.02237513E-02
9.31770642E-03
9.31770642E-03
8.96372069E-03
8.96372069E-03
8.93850153E-03
8.93850153E-03
8.91641182E-03
8.91641182E-03
8.44273191E-03
8.44273191E-03
7.24848114E-03
7.24848114E-03
5.29716616E-03
5.29716616E-03
2.67648318E-03
2.67648318E-03
-1.98190622E-04
-1.98190622E-04
-2.69458716E-03
-2.69458716E-03
-4.03515800E-03
-4.03515800E-03
-3.73389399E-03
-3.73389399E-03
-1.98722732E-03
-1.98722732E-03
6.84952090E-04
6.84952090E-04
3.73767584E-03
3.73767584E-03
6.93257900E-03
6.93257900E-03
1.00846687E-02
1.00846687E-02
1.30142712E-02
1.30142712E-02
1.57041794E-02
1.57041794E-02
1.80850153E-02
1.80850153E-02
2.01477064E-02
2.01477064E-02
2.19330275E-02
2.19330275E-02
2.34494393E-02
2.34494393E-02
2.47194699E-02
2.47194699E-02
2.57704383E-02
2.57704383E-02
2.62466871E-02
2.62466871E-02
)
