// Data on points
68

(
1.24513E-02
1.24513E-02
1.21536E-02
1.21536E-02
1.10728E-02
1.10728E-02
9.07975E-03
9.07975E-03
6.19582E-03
6.19582E-03
2.46283E-03
2.46283E-03
-1.96155E-03
-1.96155E-03
-6.78228E-03
-6.78228E-03
-1.15227E-02
-1.15227E-02
-1.51225E-02
-1.51225E-02
-1.64350E-02
-1.64350E-02
-1.50090E-02
-1.50090E-02
-1.13967E-02
-1.13967E-02
-7.96165E-03
-7.96165E-03
-6.14769E-03
-6.14769E-03
-5.15617E-03
-5.15617E-03
-4.38174E-03
-4.38174E-03
-3.74774E-03
-3.74774E-03
-3.24153E-03
-3.24153E-03
-2.84351E-03
-2.84351E-03
-2.50448E-03
-2.50448E-03
-2.15456E-03
-2.15456E-03
-1.70906E-03
-1.70906E-03
-1.02788E-03
-1.02788E-03
3.52849E-05
3.52849E-05
1.55541E-03
1.55541E-03
3.52102E-03
3.52102E-03
5.81215E-03
5.81215E-03
8.18489E-03
8.18489E-03
1.03249E-02
1.03249E-02
1.19137E-02
1.19137E-02
1.27660E-02
1.27660E-02
1.28873E-02
1.28873E-02
1.27732E-02
1.27732E-02

)

// ************************************************************************* //
