202
(
5.93272171E-02
5.93272171E-02
5.85036697E-02
5.85036697E-02
5.58536188E-02
5.58536188E-02
5.17059123E-02
5.17059123E-02
4.69537207E-02
4.69537207E-02
4.19909276E-02
4.19909276E-02
3.68265036E-02
3.68265036E-02
3.15863405E-02
3.15863405E-02
2.64242610E-02
2.64242610E-02
2.15178389E-02
2.15178389E-02
1.70034659E-02
1.70034659E-02
1.27962283E-02
1.27962283E-02
8.86301733E-03
8.86301733E-03
5.21815494E-03
5.21815494E-03
1.80111111E-03
1.80111111E-03
-1.44063201E-03
-1.44063201E-03
-4.52046891E-03
-4.52046891E-03
-7.42763507E-03
-7.42763507E-03
-1.01307339E-02
-1.01307339E-02
-1.25984709E-02
-1.25984709E-02
-1.48281346E-02
-1.48281346E-02
-1.68180428E-02
-1.68180428E-02
-1.85815494E-02
-1.85815494E-02
-2.00874618E-02
-2.00874618E-02
-2.13219164E-02
-2.13219164E-02
-2.23029562E-02
-2.23029562E-02
-2.31008155E-02
-2.31008155E-02
-2.38223242E-02
-2.38223242E-02
-2.45453619E-02
-2.45453619E-02
-2.53647299E-02
-2.53647299E-02
-2.62406728E-02
-2.62406728E-02
-2.71479103E-02
-2.71479103E-02
-2.79098879E-02
-2.79098879E-02
-2.82433231E-02
-2.82433231E-02
-2.81002039E-02
-2.81002039E-02
-2.75860347E-02
-2.75860347E-02
-2.68942915E-02
-2.68942915E-02
-2.61369011E-02
-2.61369011E-02
-2.53748216E-02
-2.53748216E-02
-2.46247706E-02
-2.46247706E-02
-2.37923547E-02
-2.37923547E-02
-2.29593272E-02
-2.29593272E-02
-2.24024465E-02
-2.24024465E-02
-2.22140673E-02
-2.22140673E-02
-2.22415902E-02
-2.22415902E-02
-2.23330275E-02
-2.23330275E-02
-2.24407747E-02
-2.24407747E-02
-2.25810398E-02
-2.25810398E-02
-2.28139653E-02
-2.28139653E-02
-2.32506626E-02
-2.32506626E-02
-2.38006116E-02
-2.38006116E-02
-2.37460754E-02
-2.37460754E-02
-2.30470948E-02
-2.30470948E-02
-2.38099898E-02
-2.38099898E-02
-3.05968400E-02
-3.05968400E-02
-4.53889908E-02
-4.53889908E-02
-5.74985729E-02
-5.74985729E-02
-5.58223242E-02
-5.58223242E-02
-4.90952090E-02
-4.90952090E-02
-4.73969419E-02
-4.73969419E-02
-4.88000000E-02
-4.88000000E-02
-5.14604485E-02
-5.14604485E-02
-5.81660550E-02
-5.81660550E-02
-7.52626911E-02
-7.52626911E-02
-1.02454638E-01
-1.02454638E-01
-1.28030581E-01
-1.28030581E-01
-1.42990826E-01
-1.42990826E-01
-1.44543323E-01
-1.44543323E-01
-1.30857288E-01
-1.30857288E-01
-1.03907238E-01
-1.03907238E-01
-6.66834862E-02
-6.66834862E-02
-2.37384302E-02
-2.37384302E-02
1.95641182E-02
1.95641182E-02
5.92963303E-02
5.92963303E-02
9.26428135E-02
9.26428135E-02
1.18961264E-01
1.18961264E-01
1.38359837E-01
1.38359837E-01
1.51560652E-01
1.51560652E-01
1.59747197E-01
1.59747197E-01
1.64101937E-01
1.64101937E-01
1.65630989E-01
1.65630989E-01
1.64994903E-01
1.64994903E-01
1.62584098E-01
1.62584098E-01
1.58852192E-01
1.58852192E-01
1.54134557E-01
1.54134557E-01
1.48682977E-01
1.48682977E-01
1.42659531E-01
1.42659531E-01
1.36212029E-01
1.36212029E-01
1.29471967E-01
1.29471967E-01
1.22543323E-01
1.22543323E-01
1.15509684E-01
1.15509684E-01
1.08476045E-01
1.08476045E-01
1.01519368E-01
1.01519368E-01
9.47530071E-02
9.47530071E-02
8.82666667E-02
8.82666667E-02
8.22340469E-02
8.22340469E-02
7.64384302E-02
7.64384302E-02
7.04248726E-02
7.04248726E-02
6.54633028E-02
6.54633028E-02
6.22321101E-02
6.22321101E-02
6.08909276E-02
6.08909276E-02
)
