202
(
7.93107034E-02
7.93107034E-02
7.85110092E-02
7.85110092E-02
7.65412844E-02
7.65412844E-02
7.40143731E-02
7.40143731E-02
7.11769623E-02
7.11769623E-02
6.79900102E-02
6.79900102E-02
6.42879715E-02
6.42879715E-02
5.99503568E-02
5.99503568E-02
5.49412844E-02
5.49412844E-02
4.92534149E-02
4.92534149E-02
4.29518858E-02
4.29518858E-02
3.62530071E-02
3.62530071E-02
2.92645260E-02
2.92645260E-02
2.20296636E-02
2.20296636E-02
1.48223242E-02
1.48223242E-02
7.87419980E-03
7.87419980E-03
1.27087666E-03
1.27087666E-03
-4.81887870E-03
-4.81887870E-03
-1.02683996E-02
-1.02683996E-02
-1.49762487E-02
-1.49762487E-02
-1.88784913E-02
-1.88784913E-02
-2.20047910E-02
-2.20047910E-02
-2.43696228E-02
-2.43696228E-02
-2.60865443E-02
-2.60865443E-02
-2.72478084E-02
-2.72478084E-02
-2.79252803E-02
-2.79252803E-02
-2.82550459E-02
-2.82550459E-02
-2.82909276E-02
-2.82909276E-02
-2.80768603E-02
-2.80768603E-02
-2.76703364E-02
-2.76703364E-02
-2.70969419E-02
-2.70969419E-02
-2.63438328E-02
-2.63438328E-02
-2.54587156E-02
-2.54587156E-02
-2.45095821E-02
-2.45095821E-02
-2.34306830E-02
-2.34306830E-02
-2.21609582E-02
-2.21609582E-02
-2.09236493E-02
-2.09236493E-02
-2.00442406E-02
-2.00442406E-02
-1.96326198E-02
-1.96326198E-02
-1.95806320E-02
-1.95806320E-02
-1.96955148E-02
-1.96955148E-02
-1.98343527E-02
-1.98343527E-02
-1.99634047E-02
-1.99634047E-02
-2.01424057E-02
-2.01424057E-02
-2.04153925E-02
-2.04153925E-02
-2.07411825E-02
-2.07411825E-02
-2.11371050E-02
-2.11371050E-02
-2.19017329E-02
-2.19017329E-02
-2.36490316E-02
-2.36490316E-02
-2.73243629E-02
-2.73243629E-02
-3.40165138E-02
-3.40165138E-02
-4.36410805E-02
-4.36410805E-02
-5.35019368E-02
-5.35019368E-02
-5.89855250E-02
-5.89855250E-02
-5.76477064E-02
-5.76477064E-02
-5.36982671E-02
-5.36982671E-02
-5.15446483E-02
-5.15446483E-02
-5.04945973E-02
-5.04945973E-02
-4.99036697E-02
-4.99036697E-02
-5.00904179E-02
-5.00904179E-02
-5.09112130E-02
-5.09112130E-02
-5.28909276E-02
-5.28909276E-02
-5.74258919E-02
-5.74258919E-02
-6.96561672E-02
-6.96561672E-02
-9.26352701E-02
-9.26352701E-02
-1.17635066E-01
-1.17635066E-01
-1.34442406E-01
-1.34442406E-01
-1.40130479E-01
-1.40130479E-01
-1.33073394E-01
-1.33073394E-01
-1.13152905E-01
-1.13152905E-01
-8.41484200E-02
-8.41484200E-02
-4.79354740E-02
-4.79354740E-02
-8.31997961E-03
-8.31997961E-03
3.08420999E-02
3.08420999E-02
6.77799185E-02
6.77799185E-02
1.00355148E-01
1.00355148E-01
1.27774720E-01
1.27774720E-01
1.49268094E-01
1.49268094E-01
1.64890928E-01
1.64890928E-01
1.74972477E-01
1.74972477E-01
1.80300714E-01
1.80300714E-01
1.81903160E-01
1.81903160E-01
1.80709480E-01
1.80709480E-01
1.77482161E-01
1.77482161E-01
1.72954128E-01
1.72954128E-01
1.67565749E-01
1.67565749E-01
1.61551478E-01
1.61551478E-01
1.55120285E-01
1.55120285E-01
1.48416922E-01
1.48416922E-01
1.41532110E-01
1.41532110E-01
1.34554536E-01
1.34554536E-01
1.27550459E-01
1.27550459E-01
1.20588175E-01
1.20588175E-01
1.13761468E-01
1.13761468E-01
1.07204893E-01
1.07204893E-01
1.00906218E-01
1.00906218E-01
9.49103976E-02
9.49103976E-02
8.95563710E-02
8.95563710E-02
8.51907238E-02
8.51907238E-02
8.20552497E-02
8.20552497E-02
8.08199796E-02
8.08199796E-02
)
