202
(
7.19197757E-02
7.19197757E-02
7.15674822E-02
7.15674822E-02
7.07190622E-02
7.07190622E-02
6.95382263E-02
6.95382263E-02
6.79608563E-02
6.79608563E-02
6.59719674E-02
6.59719674E-02
6.35279307E-02
6.35279307E-02
6.06043833E-02
6.06043833E-02
5.72041794E-02
5.72041794E-02
5.33181448E-02
5.33181448E-02
4.89669725E-02
4.89669725E-02
4.41661570E-02
4.41661570E-02
3.89384302E-02
3.89384302E-02
3.33127421E-02
3.33127421E-02
2.73265036E-02
2.73265036E-02
2.10717635E-02
2.10717635E-02
1.46369011E-02
1.46369011E-02
8.00898063E-03
8.00898063E-03
1.10835882E-03
1.10835882E-03
-6.05782875E-03
-6.05782875E-03
-1.32459735E-02
-1.32459735E-02
-2.02197757E-02
-2.02197757E-02
-2.67044852E-02
-2.67044852E-02
-3.25230377E-02
-3.25230377E-02
-3.76351682E-02
-3.76351682E-02
-4.19674822E-02
-4.19674822E-02
-4.52749235E-02
-4.52749235E-02
-4.75287462E-02
-4.75287462E-02
-4.87928644E-02
-4.87928644E-02
-4.93713558E-02
-4.93713558E-02
-4.99828746E-02
-4.99828746E-02
-5.07496432E-02
-5.07496432E-02
-5.05176351E-02
-5.05176351E-02
-4.83088685E-02
-4.83088685E-02
-4.49772681E-02
-4.49772681E-02
-4.19946993E-02
-4.19946993E-02
-4.00077472E-02
-4.00077472E-02
-3.86077472E-02
-3.86077472E-02
-3.75167176E-02
-3.75167176E-02
-3.67928644E-02
-3.67928644E-02
-3.58465851E-02
-3.58465851E-02
-3.37078491E-02
-3.37078491E-02
-2.97686035E-02
-2.97686035E-02
-2.65113150E-02
-2.65113150E-02
-2.98279307E-02
-2.98279307E-02
-4.27239551E-02
-4.27239551E-02
-5.46454638E-02
-5.46454638E-02
-4.96213048E-02
-4.96213048E-02
-2.86880734E-02
-2.86880734E-02
-4.59364934E-03
-4.59364934E-03
1.44007136E-02
1.44007136E-02
2.69738022E-02
2.69738022E-02
3.50153925E-02
3.50153925E-02
4.00806320E-02
4.00806320E-02
4.28908257E-02
4.28908257E-02
4.37943935E-02
4.37943935E-02
4.35645260E-02
4.35645260E-02
4.44252803E-02
4.44252803E-02
5.02509684E-02
5.02509684E-02
5.93924567E-02
5.93924567E-02
6.40816514E-02
6.40816514E-02
6.28944954E-02
6.28944954E-02
5.99505607E-02
5.99505607E-02
5.58995923E-02
5.58995923E-02
4.76559633E-02
4.76559633E-02
2.89496432E-02
2.89496432E-02
-2.49892966E-03
-2.49892966E-03
-3.16213048E-02
-3.16213048E-02
-4.28517839E-02
-4.28517839E-02
-3.84696228E-02
-3.84696228E-02
-2.61005097E-02
-2.61005097E-02
-7.75679918E-03
-7.75679918E-03
1.28156983E-02
1.28156983E-02
3.19111111E-02
3.19111111E-02
4.85581040E-02
4.85581040E-02
6.19204893E-02
6.19204893E-02
7.25054027E-02
7.25054027E-02
8.04113150E-02
8.04113150E-02
8.63123344E-02
8.63123344E-02
9.04299694E-02
9.04299694E-02
9.31594292E-02
9.31594292E-02
9.48785933E-02
9.48785933E-02
9.59852192E-02
9.59852192E-02
9.66534149E-02
9.66534149E-02
9.68900102E-02
9.68900102E-02
9.67386340E-02
9.67386340E-02
9.62347604E-02
9.62347604E-02
9.54185525E-02
9.54185525E-02
9.43398573E-02
9.43398573E-02
9.30193680E-02
9.30193680E-02
9.14656473E-02
9.14656473E-02
8.97137615E-02
8.97137615E-02
8.77893986E-02
8.77893986E-02
8.57389399E-02
8.57389399E-02
8.35618756E-02
8.35618756E-02
8.12254842E-02
8.12254842E-02
7.89130479E-02
7.89130479E-02
7.68143731E-02
7.68143731E-02
7.50287462E-02
7.50287462E-02
7.36096840E-02
7.36096840E-02
7.29802243E-02
7.29802243E-02
)
