201
(
5.97750255E-02
5.96779817E-02
5.96779817E-02
5.93692151E-02
5.93692151E-02
5.88183486E-02
5.88183486E-02
5.79901121E-02
5.79901121E-02
5.68330275E-02
5.68330275E-02
5.53030581E-02
5.53030581E-02
5.33868502E-02
5.33868502E-02
5.10659531E-02
5.10659531E-02
4.83366972E-02
4.83366972E-02
4.51917431E-02
4.51917431E-02
4.16288481E-02
4.16288481E-02
3.76582059E-02
3.76582059E-02
3.32753313E-02
3.32753313E-02
2.85070336E-02
2.85070336E-02
2.33643221E-02
2.33643221E-02
1.79084608E-02
1.79084608E-02
1.22032620E-02
1.22032620E-02
6.24569827E-03
6.24569827E-03
-4.80428135E-05
-4.80428135E-05
-6.61776758E-03
-6.61776758E-03
-1.32655454E-02
-1.32655454E-02
-1.97283384E-02
-1.97283384E-02
-2.59064220E-02
-2.59064220E-02
-3.14181448E-02
-3.14181448E-02
-3.61367992E-02
-3.61367992E-02
-4.01423038E-02
-4.01423038E-02
-4.31531091E-02
-4.31531091E-02
-4.49740061E-02
-4.49740061E-02
-4.58876656E-02
-4.58876656E-02
-4.61522936E-02
-4.61522936E-02
-4.67405708E-02
-4.67405708E-02
-4.76220183E-02
-4.76220183E-02
-4.66298675E-02
-4.66298675E-02
-4.35682977E-02
-4.35682977E-02
-4.02535168E-02
-4.02535168E-02
-3.78412844E-02
-3.78412844E-02
-3.62013252E-02
-3.62013252E-02
-3.49410805E-02
-3.49410805E-02
-3.36535168E-02
-3.36535168E-02
-3.23688073E-02
-3.23688073E-02
-3.24693170E-02
-3.24693170E-02
-3.49396534E-02
-3.49396534E-02
-3.70916412E-02
-3.70916412E-02
-3.31821611E-02
-3.31821611E-02
-2.36572885E-02
-2.36572885E-02
-1.96963303E-02
-1.96963303E-02
-2.57091743E-02
-2.57091743E-02
-3.79510703E-02
-3.79510703E-02
-5.67135576E-02
-5.67135576E-02
-6.93140673E-02
-6.93140673E-02
-6.17081549E-02
-6.17081549E-02
-3.96003058E-02
-3.96003058E-02
-1.40762487E-02
-1.40762487E-02
8.25038736E-03
8.25038736E-03
2.54729867E-02
2.54729867E-02
3.76316004E-02
3.76316004E-02
4.59020387E-02
4.59020387E-02
5.15409786E-02
5.15409786E-02
5.45314985E-02
5.45314985E-02
5.48564730E-02
5.48564730E-02
5.30297655E-02
5.30297655E-02
4.93130479E-02
4.93130479E-02
4.49751274E-02
4.49751274E-02
4.15924567E-02
4.15924567E-02
3.92850153E-02
3.92850153E-02
3.73019368E-02
3.73019368E-02
3.47961264E-02
3.47961264E-02
3.10581040E-02
3.10581040E-02
2.47054027E-02
2.47054027E-02
1.53672783E-02
1.53672783E-02
5.87050968E-03
5.87050968E-03
-3.53379205E-04
-3.53379205E-04
-1.95019368E-03
-1.95019368E-03
6.25790010E-05
6.25790010E-05
4.76198777E-03
4.76198777E-03
1.09747197E-02
1.09747197E-02
1.76719674E-02
1.76719674E-02
2.43564730E-02
2.43564730E-02
3.04216106E-02
3.04216106E-02
3.59163099E-02
3.59163099E-02
4.07364934E-02
4.07364934E-02
4.49184506E-02
4.49184506E-02
4.85391437E-02
4.85391437E-02
5.16300714E-02
5.16300714E-02
5.42011213E-02
5.42011213E-02
5.63582059E-02
5.63582059E-02
5.81251784E-02
5.81251784E-02
5.95757390E-02
5.95757390E-02
6.07667686E-02
6.07667686E-02
6.16730887E-02
6.16730887E-02
6.23095821E-02
6.23095821E-02
6.26878695E-02
6.26878695E-02
6.28279307E-02
6.28279307E-02
6.27415902E-02
6.27415902E-02
6.24584098E-02
6.24584098E-02
6.20309888E-02
6.20309888E-02
6.14851172E-02
6.14851172E-02
6.08764526E-02
6.08764526E-02
6.03228338E-02
6.03228338E-02
6.00778797E-02
6.00778797E-02
)
