202
(
8.35351682E-02
8.35351682E-02
8.28687054E-02
8.28687054E-02
8.11700306E-02
8.11700306E-02
7.89177370E-02
7.89177370E-02
7.62854230E-02
7.62854230E-02
7.32634047E-02
7.32634047E-02
6.98045872E-02
6.98045872E-02
6.58637105E-02
6.58637105E-02
6.14697248E-02
6.14697248E-02
5.66321101E-02
5.66321101E-02
5.13922528E-02
5.13922528E-02
4.57978593E-02
4.57978593E-02
3.98880734E-02
3.98880734E-02
3.37387360E-02
3.37387360E-02
2.73987768E-02
2.73987768E-02
2.09680938E-02
2.09680938E-02
1.44459735E-02
1.44459735E-02
7.70634047E-03
7.70634047E-03
9.13741081E-04
9.13741081E-04
-5.52724771E-03
-5.52724771E-03
-1.13697248E-02
-1.13697248E-02
-1.65660550E-02
-1.65660550E-02
-2.11083588E-02
-2.11083588E-02
-2.48918451E-02
-2.48918451E-02
-2.77546381E-02
-2.77546381E-02
-2.97160041E-02
-2.97160041E-02
-3.09838940E-02
-3.09838940E-02
-3.18271152E-02
-3.18271152E-02
-3.23633028E-02
-3.23633028E-02
-3.26374108E-02
-3.26374108E-02
-3.24206932E-02
-3.24206932E-02
-3.12974516E-02
-3.12974516E-02
-2.93989806E-02
-2.93989806E-02
-2.73623853E-02
-2.73623853E-02
-2.57862385E-02
-2.57862385E-02
-2.46587156E-02
-2.46587156E-02
-2.36465851E-02
-2.36465851E-02
-2.25936799E-02
-2.25936799E-02
-2.15701325E-02
-2.15701325E-02
-2.07056065E-02
-2.07056065E-02
-1.97843017E-02
-1.97843017E-02
-1.80603466E-02
-1.80603466E-02
-1.48202854E-02
-1.48202854E-02
-1.03533129E-02
-1.03533129E-02
-5.62856269E-03
-5.62856269E-03
-1.36612640E-03
-1.36612640E-03
2.04945973E-03
2.04945973E-03
4.64259939E-03
4.64259939E-03
6.70281346E-03
6.70281346E-03
8.08386340E-03
8.08386340E-03
7.99721713E-03
7.99721713E-03
4.57832824E-03
4.57832824E-03
-3.21996942E-03
-3.21996942E-03
-1.25981651E-02
-1.25981651E-02
-1.81385321E-02
-1.81385321E-02
-1.75160041E-02
-1.75160041E-02
-1.48775739E-02
-1.48775739E-02
-1.34474006E-02
-1.34474006E-02
-1.24832824E-02
-1.24832824E-02
-1.23134557E-02
-1.23134557E-02
-1.38569827E-02
-1.38569827E-02
-1.78030581E-02
-1.78030581E-02
-2.85693170E-02
-2.85693170E-02
-5.43295617E-02
-5.43295617E-02
-9.08017329E-02
-9.08017329E-02
-1.19302752E-01
-1.19302752E-01
-1.31121305E-01
-1.31121305E-01
-1.27227319E-01
-1.27227319E-01
-1.07994903E-01
-1.07994903E-01
-7.64432212E-02
-7.64432212E-02
-3.71853211E-02
-3.71853211E-02
3.81207951E-03
3.81207951E-03
4.18305810E-02
4.18305810E-02
7.40419980E-02
7.40419980E-02
9.93359837E-02
9.93359837E-02
1.18435270E-01
1.18435270E-01
1.32032620E-01
1.32032620E-01
1.41208970E-01
1.41208970E-01
1.47042813E-01
1.47042813E-01
1.50217125E-01
1.50217125E-01
1.51354740E-01
1.51354740E-01
1.51009174E-01
1.51009174E-01
1.49541284E-01
1.49541284E-01
1.47399592E-01
1.47399592E-01
1.44760449E-01
1.44760449E-01
1.41651376E-01
1.41651376E-01
1.38143731E-01
1.38143731E-01
1.34334353E-01
1.34334353E-01
1.30294597E-01
1.30294597E-01
1.26065240E-01
1.26065240E-01
1.21679918E-01
1.21679918E-01
1.17186544E-01
1.17186544E-01
1.12638124E-01
1.12638124E-01
1.08095821E-01
1.08095821E-01
1.03604485E-01
1.03604485E-01
9.91329256E-02
9.91329256E-02
9.48650357E-02
9.48650357E-02
9.11726809E-02
9.11726809E-02
8.82028542E-02
8.82028542E-02
8.58762487E-02
8.58762487E-02
8.48565749E-02
8.48565749E-02
)
