202
(
8.61908257E-02
8.61908257E-02
8.54464832E-02
8.54464832E-02
8.36294597E-02
8.36294597E-02
8.12111111E-02
8.12111111E-02
7.83739042E-02
7.83739042E-02
7.51769623E-02
7.51769623E-02
7.15709480E-02
7.15709480E-02
6.75297655E-02
6.75297655E-02
6.30639144E-02
6.30639144E-02
5.81985729E-02
5.81985729E-02
5.29782875E-02
5.29782875E-02
4.74343527E-02
4.74343527E-02
4.16155963E-02
4.16155963E-02
3.55495413E-02
3.55495413E-02
2.92588175E-02
2.92588175E-02
2.27934760E-02
2.27934760E-02
1.61978593E-02
1.61978593E-02
9.36910296E-03
9.36910296E-03
2.39306830E-03
2.39306830E-03
-4.31572885E-03
-4.31572885E-03
-1.04516820E-02
-1.04516820E-02
-1.59741081E-02
-1.59741081E-02
-2.08748216E-02
-2.08748216E-02
-2.49646279E-02
-2.49646279E-02
-2.81328236E-02
-2.81328236E-02
-3.04893986E-02
-3.04893986E-02
-3.22091743E-02
-3.22091743E-02
-3.34358818E-02
-3.34358818E-02
-3.42835882E-02
-3.42835882E-02
-3.47653415E-02
-3.47653415E-02
-3.47443425E-02
-3.47443425E-02
-3.39386340E-02
-3.39386340E-02
-3.23579001E-02
-3.23579001E-02
-3.04224261E-02
-3.04224261E-02
-2.86449541E-02
-2.86449541E-02
-2.72298675E-02
-2.72298675E-02
-2.59817533E-02
-2.59817533E-02
-2.46642202E-02
-2.46642202E-02
-2.32086646E-02
-2.32086646E-02
-2.17079511E-02
-2.17079511E-02
-2.03246687E-02
-2.03246687E-02
-1.86429154E-02
-1.86429154E-02
-1.57821611E-02
-1.57821611E-02
-1.16085627E-02
-1.16085627E-02
-6.95412844E-03
-6.95412844E-03
-2.72234455E-03
-2.72234455E-03
7.73303772E-04
7.73303772E-04
3.53536188E-03
3.53536188E-03
5.42382263E-03
5.42382263E-03
5.96983690E-03
5.96983690E-03
3.79024465E-03
3.79024465E-03
-2.67633028E-03
-2.67633028E-03
-1.18345566E-02
-1.18345566E-02
-1.84935780E-02
-1.84935780E-02
-1.90711519E-02
-1.90711519E-02
-1.61715596E-02
-1.61715596E-02
-1.40616718E-02
-1.40616718E-02
-1.31375127E-02
-1.31375127E-02
-1.22960245E-02
-1.22960245E-02
-1.20888889E-02
-1.20888889E-02
-1.34212029E-02
-1.34212029E-02
-1.62533129E-02
-1.62533129E-02
-2.18730887E-02
-2.18730887E-02
-3.67140673E-02
-3.67140673E-02
-6.69312946E-02
-6.69312946E-02
-1.01062589E-01
-1.01062589E-01
-1.22548420E-01
-1.22548420E-01
-1.28343527E-01
-1.28343527E-01
-1.19607543E-01
-1.19607543E-01
-9.72778797E-02
-9.72778797E-02
-6.51805301E-02
-6.51805301E-02
-2.69608563E-02
-2.69608563E-02
1.23300714E-02
1.23300714E-02
4.88414883E-02
4.88414883E-02
8.07685015E-02
8.07685015E-02
1.06741081E-01
1.06741081E-01
1.26828746E-01
1.26828746E-01
1.41313965E-01
1.41313965E-01
1.51233435E-01
1.51233435E-01
1.56981651E-01
1.56981651E-01
1.59639144E-01
1.59639144E-01
1.59981651E-01
1.59981651E-01
1.58574924E-01
1.58574924E-01
1.56053007E-01
1.56053007E-01
1.52900102E-01
1.52900102E-01
1.49275229E-01
1.49275229E-01
1.45264016E-01
1.45264016E-01
1.40965341E-01
1.40965341E-01
1.36459735E-01
1.36459735E-01
1.31792049E-01
1.31792049E-01
1.27002039E-01
1.27002039E-01
1.22135576E-01
1.22135576E-01
1.17241590E-01
1.17241590E-01
1.12377166E-01
1.12377166E-01
1.07595311E-01
1.07595311E-01
1.02879715E-01
1.02879715E-01
9.83786952E-02
9.83786952E-02
9.44416922E-02
9.44416922E-02
9.12408767E-02
9.12408767E-02
8.87378186E-02
8.87378186E-02
8.76456677E-02
8.76456677E-02
)
