202
(
7.40242610E-03
7.40242610E-03
6.81549439E-03
6.81549439E-03
5.57609582E-03
5.57609582E-03
4.16434251E-03
4.16434251E-03
2.52130479E-03
2.52130479E-03
8.11166157E-04
8.11166157E-04
-7.81596330E-04
-7.81596330E-04
-2.26356779E-03
-2.26356779E-03
-3.73218145E-03
-3.73218145E-03
-5.08529052E-03
-5.08529052E-03
-5.81980632E-03
-5.81980632E-03
-5.61256881E-03
-5.61256881E-03
-4.57547401E-03
-4.57547401E-03
-3.13479103E-03
-3.13479103E-03
-1.74709480E-03
-1.74709480E-03
-6.17870540E-04
-6.17870540E-04
1.62370031E-04
1.62370031E-04
5.65554536E-04
5.65554536E-04
5.65705403E-04
5.65705403E-04
1.46848114E-04
1.46848114E-04
-6.80439348E-04
-6.80439348E-04
-1.89601427E-03
-1.89601427E-03
-3.44965341E-03
-3.44965341E-03
-5.30676860E-03
-5.30676860E-03
-7.42889908E-03
-7.42889908E-03
-9.77760449E-03
-9.77760449E-03
-1.22405708E-02
-1.22405708E-02
-1.46209990E-02
-1.46209990E-02
-1.66479103E-02
-1.66479103E-02
-1.81895005E-02
-1.81895005E-02
-1.92567788E-02
-1.92567788E-02
-1.97731906E-02
-1.97731906E-02
-1.97591233E-02
-1.97591233E-02
-1.94857288E-02
-1.94857288E-02
-1.91079511E-02
-1.91079511E-02
-1.77272171E-02
-1.77272171E-02
-1.50086646E-02
-1.50086646E-02
-1.23728848E-02
-1.23728848E-02
-1.04868502E-02
-1.04868502E-02
-9.04539246E-03
-9.04539246E-03
-7.99155963E-03
-7.99155963E-03
-7.35207951E-03
-7.35207951E-03
-6.97404689E-03
-6.97404689E-03
-6.62391437E-03
-6.62391437E-03
-6.17753313E-03
-6.17753313E-03
-5.71211009E-03
-5.71211009E-03
-5.67362895E-03
-5.67362895E-03
-6.32617737E-03
-6.32617737E-03
-7.78765545E-03
-7.78765545E-03
-1.16480122E-02
-1.16480122E-02
-1.72110092E-02
-1.72110092E-02
-1.55524975E-02
-1.55524975E-02
-4.34250765E-05
-4.34250765E-05
1.91869521E-02
1.91869521E-02
2.59691131E-02
2.59691131E-02
2.12038736E-02
2.12038736E-02
1.68106014E-02
1.68106014E-02
1.47750255E-02
1.47750255E-02
5.59509684E-03
5.59509684E-03
-2.22787971E-02
-2.22787971E-02
-6.50320082E-02
-6.50320082E-02
-9.89683996E-02
-9.89683996E-02
-1.07106014E-01
-1.07106014E-01
-9.29781855E-02
-9.29781855E-02
-6.56801223E-02
-6.56801223E-02
-3.13662589E-02
-3.13662589E-02
4.42426096E-03
4.42426096E-03
3.78487258E-02
3.78487258E-02
6.65500510E-02
6.65500510E-02
8.94801223E-02
8.94801223E-02
1.07682977E-01
1.07682977E-01
1.21636086E-01
1.21636086E-01
1.31638124E-01
1.31638124E-01
1.38573904E-01
1.38573904E-01
1.43367992E-01
1.43367992E-01
1.46546381E-01
1.46546381E-01
1.48290520E-01
1.48290520E-01
1.48596330E-01
1.48596330E-01
1.47109072E-01
1.47109072E-01
1.43433231E-01
1.43433231E-01
1.37426096E-01
1.37426096E-01
1.29221203E-01
1.29221203E-01
1.19186544E-01
1.19186544E-01
1.07845056E-01
1.07845056E-01
9.57011213E-02
9.57011213E-02
8.36746177E-02
8.36746177E-02
7.26972477E-02
7.26972477E-02
6.29148828E-02
6.29148828E-02
5.42691131E-02
5.42691131E-02
4.67595311E-02
4.67595311E-02
4.03749235E-02
4.03749235E-02
3.49928644E-02
3.49928644E-02
3.03506626E-02
3.03506626E-02
2.62437309E-02
2.62437309E-02
2.25800204E-02
2.25800204E-02
1.92937819E-02
1.92937819E-02
1.63441386E-02
1.63441386E-02
1.37360856E-02
1.37360856E-02
1.14766565E-02
1.14766565E-02
9.58476045E-03
9.58476045E-03
8.72915392E-03
8.72915392E-03
)
