202
(
3.16402650E-02
3.16402650E-02
3.19975535E-02
3.19975535E-02
3.26390418E-02
3.26390418E-02
3.31129460E-02
3.31129460E-02
3.33838940E-02
3.33838940E-02
3.34095821E-02
3.34095821E-02
3.31488277E-02
3.31488277E-02
3.25768603E-02
3.25768603E-02
3.16633028E-02
3.16633028E-02
3.03824669E-02
3.03824669E-02
2.87158002E-02
2.87158002E-02
2.66320082E-02
2.66320082E-02
2.41298675E-02
2.41298675E-02
2.11888889E-02
2.11888889E-02
1.78212029E-02
1.78212029E-02
1.40324159E-02
1.40324159E-02
9.83104995E-03
9.83104995E-03
5.25885831E-03
5.25885831E-03
3.61845056E-04
3.61845056E-04
-4.84760449E-03
-4.84760449E-03
-1.04124363E-02
-1.04124363E-02
-1.62913354E-02
-1.62913354E-02
-2.23550459E-02
-2.23550459E-02
-2.83384302E-02
-2.83384302E-02
-3.41755352E-02
-3.41755352E-02
-3.96194699E-02
-3.96194699E-02
-4.43604485E-02
-4.43604485E-02
-4.82635066E-02
-4.82635066E-02
-5.13412844E-02
-5.13412844E-02
-5.36621814E-02
-5.36621814E-02
-5.49189602E-02
-5.49189602E-02
-5.54133537E-02
-5.54133537E-02
-5.61641182E-02
-5.61641182E-02
-5.70570846E-02
-5.70570846E-02
-5.61973496E-02
-5.61973496E-02
-5.32434251E-02
-5.32434251E-02
-5.02936799E-02
-5.02936799E-02
-4.82214067E-02
-4.82214067E-02
-4.66004077E-02
-4.66004077E-02
-4.51910296E-02
-4.51910296E-02
-4.41310907E-02
-4.41310907E-02
-4.42822630E-02
-4.42822630E-02
-4.53649337E-02
-4.53649337E-02
-4.43864424E-02
-4.43864424E-02
-3.84138634E-02
-3.84138634E-02
-3.10163099E-02
-3.10163099E-02
-2.95528033E-02
-2.95528033E-02
-3.30109072E-02
-3.30109072E-02
-3.74171254E-02
-3.74171254E-02
-4.10934760E-02
-4.10934760E-02
-4.13944954E-02
-4.13944954E-02
-4.52163099E-02
-4.52163099E-02
-6.49454638E-02
-6.49454638E-02
-9.55617737E-02
-9.55617737E-02
-1.10023445E-01
-1.10023445E-01
-9.64139653E-02
-9.64139653E-02
-6.59165138E-02
-6.59165138E-02
-3.00824669E-02
-3.00824669E-02
2.62079511E-03
2.62079511E-03
2.90374108E-02
2.90374108E-02
4.73268094E-02
4.73268094E-02
5.72775739E-02
5.72775739E-02
6.30162080E-02
6.30162080E-02
6.78246687E-02
6.78246687E-02
6.79361876E-02
6.79361876E-02
5.86575943E-02
5.86575943E-02
4.35844037E-02
4.35844037E-02
2.94411825E-02
2.94411825E-02
1.92008155E-02
1.92008155E-02
1.36035678E-02
1.36035678E-02
1.13290520E-02
1.13290520E-02
9.99460754E-03
9.99460754E-03
8.72834862E-03
8.72834862E-03
7.82204893E-03
7.82204893E-03
7.48461774E-03
7.48461774E-03
7.59649337E-03
7.59649337E-03
7.83213048E-03
7.83213048E-03
7.74496432E-03
7.74496432E-03
6.91938838E-03
6.91938838E-03
5.02747197E-03
5.02747197E-03
2.13942915E-03
2.13942915E-03
-9.82657492E-04
-9.82657492E-04
-3.70560652E-03
-3.70560652E-03
-5.66800204E-03
-5.66800204E-03
-6.27482161E-03
-6.27482161E-03
-5.28332314E-03
-5.28332314E-03
-3.04729867E-03
-3.04729867E-03
-3.66615698E-05
-3.66615698E-05
3.37687054E-03
3.37687054E-03
6.91988787E-03
6.91988787E-03
1.04166157E-02
1.04166157E-02
1.37449541E-02
1.37449541E-02
1.68449541E-02
1.68449541E-02
1.96702345E-02
1.96702345E-02
2.21747197E-02
2.21747197E-02
2.43511723E-02
2.43511723E-02
2.62394495E-02
2.62394495E-02
2.78454638E-02
2.78454638E-02
2.91855250E-02
2.91855250E-02
3.02907238E-02
3.02907238E-02
3.07872579E-02
3.07872579E-02
)
