202
(
2.68964322E-02
2.68964322E-02
2.64128440E-02
2.64128440E-02
2.52430173E-02
2.52430173E-02
2.37024465E-02
2.37024465E-02
2.19238532E-02
2.19238532E-02
1.98480122E-02
1.98480122E-02
1.74073394E-02
1.74073394E-02
1.47385321E-02
1.47385321E-02
1.19446483E-02
1.19446483E-02
9.06441386E-03
9.06441386E-03
6.19266055E-03
6.19266055E-03
3.44289501E-03
3.44289501E-03
8.40750255E-04
8.40750255E-04
-1.61623853E-03
-1.61623853E-03
-3.94549439E-03
-3.94549439E-03
-6.12450561E-03
-6.12450561E-03
-8.18867482E-03
-8.18867482E-03
-1.01897961E-02
-1.01897961E-02
-1.19681957E-02
-1.19681957E-02
-1.32005097E-02
-1.32005097E-02
-1.37133537E-02
-1.37133537E-02
-1.34791030E-02
-1.34791030E-02
-1.26480122E-02
-1.26480122E-02
-1.16154944E-02
-1.16154944E-02
-1.07007136E-02
-1.07007136E-02
-1.00469521E-02
-1.00469521E-02
-9.67829766E-03
-9.67829766E-03
-9.51239551E-03
-9.51239551E-03
-9.39377166E-03
-9.39377166E-03
-9.16125382E-03
-9.16125382E-03
-8.93741081E-03
-8.93741081E-03
-8.71884811E-03
-8.71884811E-03
-8.30316004E-03
-8.30316004E-03
-7.75913354E-03
-7.75913354E-03
-6.99472987E-03
-6.99472987E-03
-5.32628950E-03
-5.32628950E-03
-3.03289501E-03
-3.03289501E-03
-1.22376147E-03
-1.22376147E-03
4.81325178E-05
4.81325178E-05
9.16744139E-04
9.16744139E-04
1.37614679E-03
1.37614679E-03
1.62108053E-03
1.62108053E-03
1.85510703E-03
1.85510703E-03
2.19004077E-03
2.19004077E-03
2.46968400E-03
2.46968400E-03
2.47095821E-03
2.47095821E-03
2.10176351E-03
2.10176351E-03
1.64441386E-03
1.64441386E-03
1.38218145E-03
1.38218145E-03
6.40680938E-04
6.40680938E-04
-2.23732926E-03
-2.23732926E-03
-7.77400612E-03
-7.77400612E-03
-9.27147808E-03
-9.27147808E-03
1.27182467E-03
1.27182467E-03
1.88214067E-02
1.88214067E-02
2.40665647E-02
2.40665647E-02
1.05030581E-02
1.05030581E-02
-1.79102956E-03
-1.79102956E-03
-1.17737003E-03
-1.17737003E-03
2.32604485E-03
2.32604485E-03
3.61162080E-05
3.61162080E-05
-1.12576962E-02
-1.12576962E-02
-3.70091743E-02
-3.70091743E-02
-7.12777778E-02
-7.12777778E-02
-9.63906218E-02
-9.63906218E-02
-1.03314985E-01
-1.03314985E-01
-9.36716616E-02
-9.36716616E-02
-7.18767584E-02
-7.18767584E-02
-4.03801223E-02
-4.03801223E-02
-2.95703364E-03
-2.95703364E-03
3.47086646E-02
3.47086646E-02
6.92117227E-02
6.92117227E-02
9.85427115E-02
9.85427115E-02
1.21627931E-01
1.21627931E-01
1.38325178E-01
1.38325178E-01
1.49415902E-01
1.49415902E-01
1.56144750E-01
1.56144750E-01
1.59775739E-01
1.59775739E-01
1.61309888E-01
1.61309888E-01
1.61181448E-01
1.61181448E-01
1.59677880E-01
1.59677880E-01
1.57037717E-01
1.57037717E-01
1.53510703E-01
1.53510703E-01
1.49295617E-01
1.49295617E-01
1.44490316E-01
1.44490316E-01
1.38908257E-01
1.38908257E-01
1.32071356E-01
1.32071356E-01
1.23995923E-01
1.23995923E-01
1.15138634E-01
1.15138634E-01
1.05532110E-01
1.05532110E-01
9.51040775E-02
9.51040775E-02
8.41554536E-02
8.41554536E-02
7.32576962E-02
7.32576962E-02
6.30782875E-02
6.30782875E-02
5.39889908E-02
5.39889908E-02
4.62469929E-02
4.62469929E-02
3.99953109E-02
3.99953109E-02
3.51663609E-02
3.51663609E-02
3.16027523E-02
3.16027523E-02
2.91233435E-02
2.91233435E-02
2.81354740E-02
2.81354740E-02
)
