202
(
6.54714577E-02
6.54714577E-02
6.46110092E-02
6.46110092E-02
6.21296636E-02
6.21296636E-02
5.85770642E-02
5.85770642E-02
5.45676860E-02
5.45676860E-02
5.02344546E-02
5.02344546E-02
4.55423038E-02
4.55423038E-02
4.03955148E-02
4.03955148E-02
3.47349643E-02
3.47349643E-02
2.88296636E-02
2.88296636E-02
2.30646279E-02
2.30646279E-02
1.76870540E-02
1.76870540E-02
1.28196738E-02
1.28196738E-02
8.44897044E-03
8.44897044E-03
4.51642202E-03
4.51642202E-03
9.42602446E-04
9.42602446E-04
-2.32751274E-03
-2.32751274E-03
-5.33871560E-03
-5.33871560E-03
-8.13162080E-03
-8.13162080E-03
-1.07008155E-02
-1.07008155E-02
-1.30351682E-02
-1.30351682E-02
-1.50921509E-02
-1.50921509E-02
-1.68721713E-02
-1.68721713E-02
-1.84323140E-02
-1.84323140E-02
-1.97468909E-02
-1.97468909E-02
-2.07877676E-02
-2.07877676E-02
-2.15163099E-02
-2.15163099E-02
-2.20195719E-02
-2.20195719E-02
-2.24358818E-02
-2.24358818E-02
-2.27771662E-02
-2.27771662E-02
-2.31657492E-02
-2.31657492E-02
-2.37860347E-02
-2.37860347E-02
-2.46724771E-02
-2.46724771E-02
-2.55474006E-02
-2.55474006E-02
-2.61510703E-02
-2.61510703E-02
-2.64050968E-02
-2.64050968E-02
-2.62523955E-02
-2.62523955E-02
-2.58351682E-02
-2.58351682E-02
-2.53686035E-02
-2.53686035E-02
-2.48189602E-02
-2.48189602E-02
-2.41190622E-02
-2.41190622E-02
-2.33702345E-02
-2.33702345E-02
-2.28289501E-02
-2.28289501E-02
-2.28272171E-02
-2.28272171E-02
-2.33128440E-02
-2.33128440E-02
-2.38455657E-02
-2.38455657E-02
-2.41303772E-02
-2.41303772E-02
-2.42323140E-02
-2.42323140E-02
-2.43891947E-02
-2.43891947E-02
-2.48094801E-02
-2.48094801E-02
-2.57373089E-02
-2.57373089E-02
-2.70699286E-02
-2.70699286E-02
-2.74561672E-02
-2.74561672E-02
-2.64775739E-02
-2.64775739E-02
-2.75910296E-02
-2.75910296E-02
-3.62029562E-02
-3.62029562E-02
-5.15410805E-02
-5.15410805E-02
-5.95967380E-02
-5.95967380E-02
-5.45975535E-02
-5.45975535E-02
-4.89756371E-02
-4.89756371E-02
-4.85428135E-02
-4.85428135E-02
-4.99375127E-02
-4.99375127E-02
-5.22116208E-02
-5.22116208E-02
-5.86614679E-02
-5.86614679E-02
-7.57038736E-02
-7.57038736E-02
-1.02888889E-01
-1.02888889E-01
-1.29150866E-01
-1.29150866E-01
-1.45242610E-01
-1.45242610E-01
-1.45923547E-01
-1.45923547E-01
-1.29816514E-01
-1.29816514E-01
-1.00651988E-01
-1.00651988E-01
-6.14277268E-02
-6.14277268E-02
-1.66704383E-02
-1.66704383E-02
2.80284404E-02
2.80284404E-02
6.86300714E-02
6.86300714E-02
1.02482161E-01
1.02482161E-01
1.28760449E-01
1.28760449E-01
1.47524975E-01
1.47524975E-01
1.59984709E-01
1.59984709E-01
1.67260958E-01
1.67260958E-01
1.70636086E-01
1.70636086E-01
1.71490316E-01
1.71490316E-01
1.70200815E-01
1.70200815E-01
1.67026504E-01
1.67026504E-01
1.62533129E-01
1.62533129E-01
1.57112130E-01
1.57112130E-01
1.51004077E-01
1.51004077E-01
1.44391437E-01
1.44391437E-01
1.37437309E-01
1.37437309E-01
1.30248726E-01
1.30248726E-01
1.22925586E-01
1.22925586E-01
1.15555556E-01
1.15555556E-01
1.08252803E-01
1.08252803E-01
1.01158410E-01
1.01158410E-01
9.44199796E-02
9.44199796E-02
8.82332314E-02
8.82332314E-02
8.24130479E-02
8.24130479E-02
7.65865443E-02
7.65865443E-02
7.16701325E-02
7.16701325E-02
6.83780836E-02
6.83780836E-02
6.70683996E-02
6.70683996E-02
)
