202
(
7.75855250E-02
7.75855250E-02
7.67474006E-02
7.67474006E-02
7.46094801E-02
7.46094801E-02
7.18035678E-02
7.18035678E-02
6.87171254E-02
6.87171254E-02
6.54295617E-02
6.54295617E-02
6.17902141E-02
6.17902141E-02
5.76973496E-02
5.76973496E-02
5.30089704E-02
5.30089704E-02
4.77362895E-02
4.77362895E-02
4.18914373E-02
4.18914373E-02
3.55527013E-02
3.55527013E-02
2.89190622E-02
2.89190622E-02
2.21039755E-02
2.21039755E-02
1.52474006E-02
1.52474006E-02
8.45165138E-03
8.45165138E-03
1.97955148E-03
1.97955148E-03
-4.10557594E-03
-4.10557594E-03
-9.68118247E-03
-9.68118247E-03
-1.46022426E-02
-1.46022426E-02
-1.88243629E-02
-1.88243629E-02
-2.22370031E-02
-2.22370031E-02
-2.48976555E-02
-2.48976555E-02
-2.68260958E-02
-2.68260958E-02
-2.80753313E-02
-2.80753313E-02
-2.87958206E-02
-2.87958206E-02
-2.90477064E-02
-2.90477064E-02
-2.89382263E-02
-2.89382263E-02
-2.86038736E-02
-2.86038736E-02
-2.79916412E-02
-2.79916412E-02
-2.71844037E-02
-2.71844037E-02
-2.62346585E-02
-2.62346585E-02
-2.50730887E-02
-2.50730887E-02
-2.38383282E-02
-2.38383282E-02
-2.25570846E-02
-2.25570846E-02
-2.11152905E-02
-2.11152905E-02
-1.96637105E-02
-1.96637105E-02
-1.85018349E-02
-1.85018349E-02
-1.77933741E-02
-1.77933741E-02
-1.75476045E-02
-1.75476045E-02
-1.76146789E-02
-1.76146789E-02
-1.77718654E-02
-1.77718654E-02
-1.78763507E-02
-1.78763507E-02
-1.79302752E-02
-1.79302752E-02
-1.80521916E-02
-1.80521916E-02
-1.83317023E-02
-1.83317023E-02
-1.88181448E-02
-1.88181448E-02
-1.97415902E-02
-1.97415902E-02
-2.17144750E-02
-2.17144750E-02
-2.57918451E-02
-2.57918451E-02
-3.29983690E-02
-3.29983690E-02
-4.36944954E-02
-4.36944954E-02
-5.50302752E-02
-5.50302752E-02
-6.12589195E-02
-6.12589195E-02
-5.89849134E-02
-5.89849134E-02
-5.30918451E-02
-5.30918451E-02
-4.97788991E-02
-4.97788991E-02
-4.88244648E-02
-4.88244648E-02
-4.92690112E-02
-4.92690112E-02
-5.02943935E-02
-5.02943935E-02
-5.13196738E-02
-5.13196738E-02
-5.37170234E-02
-5.37170234E-02
-6.06260958E-02
-6.06260958E-02
-7.85957187E-02
-7.85957187E-02
-1.05929664E-01
-1.05929664E-01
-1.29729867E-01
-1.29729867E-01
-1.42685015E-01
-1.42685015E-01
-1.44002039E-01
-1.44002039E-01
-1.32454638E-01
-1.32454638E-01
-1.07674822E-01
-1.07674822E-01
-7.30974516E-02
-7.30974516E-02
-3.22146789E-02
-3.22146789E-02
1.05655454E-02
1.05655454E-02
5.14522936E-02
5.14522936E-02
8.86503568E-02
8.86503568E-02
1.20131498E-01
1.20131498E-01
1.44904179E-01
1.44904179E-01
1.62664628E-01
1.62664628E-01
1.74357798E-01
1.74357798E-01
1.80972477E-01
1.80972477E-01
1.83545362E-01
1.83545362E-01
1.83111111E-01
1.83111111E-01
1.80466871E-01
1.80466871E-01
1.76326198E-01
1.76326198E-01
1.71236493E-01
1.71236493E-01
1.65487258E-01
1.65487258E-01
1.59264016E-01
1.59264016E-01
1.52730887E-01
1.52730887E-01
1.46000000E-01
1.46000000E-01
1.39140673E-01
1.39140673E-01
1.32228338E-01
1.32228338E-01
1.25323140E-01
1.25323140E-01
1.18478084E-01
1.18478084E-01
1.11784913E-01
1.11784913E-01
1.05364934E-01
1.05364934E-01
9.91919470E-02
9.91919470E-02
9.33207951E-02
9.33207951E-02
8.81471967E-02
8.81471967E-02
8.39592253E-02
8.39592253E-02
8.07358818E-02
8.07358818E-02
7.93474006E-02
7.93474006E-02
)
