202
(
7.35010194E-02
7.35010194E-02
7.30314985E-02
7.30314985E-02
7.20091743E-02
7.20091743E-02
7.06909276E-02
7.06909276E-02
6.90044852E-02
6.90044852E-02
6.69546381E-02
6.69546381E-02
6.44776758E-02
6.44776758E-02
6.15343527E-02
6.15343527E-02
5.81193680E-02
5.81193680E-02
5.42326198E-02
5.42326198E-02
4.98850153E-02
4.98850153E-02
4.50963303E-02
4.50963303E-02
3.98831804E-02
3.98831804E-02
3.42847095E-02
3.42847095E-02
2.83239551E-02
2.83239551E-02
2.20928644E-02
2.20928644E-02
1.56767584E-02
1.56767584E-02
9.03057085E-03
9.03057085E-03
2.08678899E-03
2.08678899E-03
-5.00033639E-03
-5.00033639E-03
-1.20236493E-02
-1.20236493E-02
-1.88329256E-02
-1.88329256E-02
-2.51674822E-02
-2.51674822E-02
-3.08181448E-02
-3.08181448E-02
-3.57577982E-02
-3.57577982E-02
-3.98755352E-02
-3.98755352E-02
-4.30170234E-02
-4.30170234E-02
-4.52049949E-02
-4.52049949E-02
-4.64945973E-02
-4.64945973E-02
-4.73335372E-02
-4.73335372E-02
-4.81887870E-02
-4.81887870E-02
-4.89440367E-02
-4.89440367E-02
-4.84719674E-02
-4.84719674E-02
-4.61062181E-02
-4.61062181E-02
-4.28317023E-02
-4.28317023E-02
-3.99211009E-02
-3.99211009E-02
-3.79109072E-02
-3.79109072E-02
-3.63555556E-02
-3.63555556E-02
-3.49078491E-02
-3.49078491E-02
-3.35265036E-02
-3.35265036E-02
-3.21176351E-02
-3.21176351E-02
-3.04539246E-02
-3.04539246E-02
-2.86857288E-02
-2.86857288E-02
-2.99111111E-02
-2.99111111E-02
-3.81867482E-02
-3.81867482E-02
-4.94880734E-02
-4.94880734E-02
-4.92849134E-02
-4.92849134E-02
-3.24849134E-02
-3.24849134E-02
-9.19798165E-03
-9.19798165E-03
1.06437309E-02
1.06437309E-02
2.35850153E-02
2.35850153E-02
3.13391437E-02
3.13391437E-02
3.59219164E-02
3.59219164E-02
3.84678899E-02
3.84678899E-02
3.96552497E-02
3.96552497E-02
4.01449541E-02
4.01449541E-02
4.08626911E-02
4.08626911E-02
4.33386340E-02
4.33386340E-02
4.97220183E-02
4.97220183E-02
5.68071356E-02
5.68071356E-02
5.82769623E-02
5.82769623E-02
5.60238532E-02
5.60238532E-02
5.37563710E-02
5.37563710E-02
4.92154944E-02
4.92154944E-02
3.68929664E-02
3.68929664E-02
1.04223242E-02
1.04223242E-02
-2.37186544E-02
-2.37186544E-02
-4.71586137E-02
-4.71586137E-02
-5.18276249E-02
-5.18276249E-02
-4.21175331E-02
-4.21175331E-02
-2.50949032E-02
-2.50949032E-02
-3.14335372E-03
-3.14335372E-03
2.09685015E-02
2.09685015E-02
4.16209990E-02
4.16209990E-02
5.86926606E-02
5.86926606E-02
7.20046891E-02
7.20046891E-02
8.16253823E-02
8.16253823E-02
8.88705403E-02
8.88705403E-02
9.38129460E-02
9.38129460E-02
9.71335372E-02
9.71335372E-02
9.91888889E-02
9.91888889E-02
1.00454842E-01
1.00454842E-01
1.01176758E-01
1.01176758E-01
1.01462895E-01
1.01462895E-01
1.01360754E-01
1.01360754E-01
1.00914781E-01
1.00914781E-01
1.00143323E-01
1.00143323E-01
9.90745158E-02
9.90745158E-02
9.77572885E-02
9.77572885E-02
9.62114169E-02
9.62114169E-02
9.44495413E-02
9.44495413E-02
9.24976555E-02
9.24976555E-02
9.03904179E-02
9.03904179E-02
8.81694190E-02
8.81694190E-02
8.58370031E-02
8.58370031E-02
8.33448522E-02
8.33448522E-02
8.08339450E-02
8.08339450E-02
7.85217125E-02
7.85217125E-02
7.66464832E-02
7.66464832E-02
7.52170234E-02
7.52170234E-02
7.45722732E-02
7.45722732E-02
)
