202
(
7.86350663E-02
7.86350663E-02
7.82220183E-02
7.82220183E-02
7.72066259E-02
7.72066259E-02
7.57893986E-02
7.57893986E-02
7.39782875E-02
7.39782875E-02
7.17990826E-02
7.17990826E-02
6.91858308E-02
6.91858308E-02
6.61092762E-02
6.61092762E-02
6.25614679E-02
6.25614679E-02
5.85403670E-02
5.85403670E-02
5.40633028E-02
5.40633028E-02
4.91426096E-02
4.91426096E-02
4.38102956E-02
4.38102956E-02
3.80880734E-02
3.80880734E-02
3.20239551E-02
3.20239551E-02
2.56941896E-02
2.56941896E-02
1.91854230E-02
1.91854230E-02
1.24744139E-02
1.24744139E-02
5.48702345E-03
5.48702345E-03
-1.62997961E-03
-1.62997961E-03
-8.65589195E-03
-8.65589195E-03
-1.53849134E-02
-1.53849134E-02
-2.16066259E-02
-2.16066259E-02
-2.71536188E-02
-2.71536188E-02
-3.19718654E-02
-3.19718654E-02
-3.59095821E-02
-3.59095821E-02
-3.88891947E-02
-3.88891947E-02
-4.09387360E-02
-4.09387360E-02
-4.22557594E-02
-4.22557594E-02
-4.31624873E-02
-4.31624873E-02
-4.40412844E-02
-4.40412844E-02
-4.45332314E-02
-4.45332314E-02
-4.34557594E-02
-4.34557594E-02
-4.08423038E-02
-4.08423038E-02
-3.79437309E-02
-3.79437309E-02
-3.56467890E-02
-3.56467890E-02
-3.38887870E-02
-3.38887870E-02
-3.24521916E-02
-3.24521916E-02
-3.11661570E-02
-3.11661570E-02
-2.98949032E-02
-2.98949032E-02
-2.86566769E-02
-2.86566769E-02
-2.71779817E-02
-2.71779817E-02
-2.57271152E-02
-2.57271152E-02
-2.70776758E-02
-2.70776758E-02
-3.47920489E-02
-3.47920489E-02
-4.68591233E-02
-4.68591233E-02
-4.95414883E-02
-4.95414883E-02
-3.44324159E-02
-3.44324159E-02
-1.02436290E-02
-1.02436290E-02
1.12313965E-02
1.12313965E-02
2.52719674E-02
2.52719674E-02
3.34428135E-02
3.34428135E-02
3.78094801E-02
3.78094801E-02
4.02431193E-02
4.02431193E-02
4.21589195E-02
4.21589195E-02
4.39153925E-02
4.39153925E-02
4.52962283E-02
4.52962283E-02
4.61111111E-02
4.61111111E-02
4.64821611E-02
4.64821611E-02
4.64932722E-02
4.64932722E-02
4.52513761E-02
4.52513761E-02
4.22463812E-02
4.22463812E-02
3.78250765E-02
3.78250765E-02
3.01846075E-02
3.01846075E-02
1.34083588E-02
1.34083588E-02
-1.64714577E-02
-1.64714577E-02
-4.76839959E-02
-4.76839959E-02
-6.48458716E-02
-6.48458716E-02
-6.56465851E-02
-6.56465851E-02
-5.41811417E-02
-5.41811417E-02
-3.61075433E-02
-3.61075433E-02
-1.33197757E-02
-1.33197757E-02
1.10130479E-02
1.10130479E-02
3.28882773E-02
3.28882773E-02
5.19272171E-02
5.19272171E-02
6.72366972E-02
6.72366972E-02
7.92094801E-02
7.92094801E-02
8.83166157E-02
8.83166157E-02
9.49083588E-02
9.49083588E-02
9.95921509E-02
9.95921509E-02
1.02721713E-01
1.02721713E-01
1.04753313E-01
1.04753313E-01
1.06011213E-01
1.06011213E-01
1.06672783E-01
1.06672783E-01
1.06844037E-01
1.06844037E-01
1.06606524E-01
1.06606524E-01
1.05986748E-01
1.05986748E-01
1.05021407E-01
1.05021407E-01
1.03763507E-01
1.03763507E-01
1.02241590E-01
1.02241590E-01
1.00469317E-01
1.00469317E-01
9.84763507E-02
9.84763507E-02
9.63008155E-02
9.63008155E-02
9.39777778E-02
9.39777778E-02
9.15717635E-02
9.15717635E-02
8.91196738E-02
8.91196738E-02
8.66781855E-02
8.66781855E-02
8.42638124E-02
8.42638124E-02
8.20644241E-02
8.20644241E-02
8.03940877E-02
8.03940877E-02
7.97107034E-02
7.97107034E-02
)
