202
(
2.79586137E-02
2.79586137E-02
2.74887870E-02
2.74887870E-02
2.64245668E-02
2.64245668E-02
2.50959225E-02
2.50959225E-02
2.35273191E-02
2.35273191E-02
2.15845056E-02
2.15845056E-02
1.92589195E-02
1.92589195E-02
1.66617737E-02
1.66617737E-02
1.37899083E-02
1.37899083E-02
1.07559633E-02
1.07559633E-02
7.66298675E-03
7.66298675E-03
4.61429154E-03
4.61429154E-03
1.69844037E-03
1.69844037E-03
-1.03288481E-03
-1.03288481E-03
-3.58637105E-03
-3.58637105E-03
-5.98319062E-03
-5.98319062E-03
-8.20170234E-03
-8.20170234E-03
-1.02431193E-02
-1.02431193E-02
-1.22104995E-02
-1.22104995E-02
-1.40946993E-02
-1.40946993E-02
-1.56119266E-02
-1.56119266E-02
-1.64929664E-02
-1.64929664E-02
-1.66672783E-02
-1.66672783E-02
-1.62047910E-02
-1.62047910E-02
-1.53304791E-02
-1.53304791E-02
-1.44108053E-02
-1.44108053E-02
-1.36743119E-02
-1.36743119E-02
-1.31357798E-02
-1.31357798E-02
-1.26855250E-02
-1.26855250E-02
-1.22151886E-02
-1.22151886E-02
-1.18328236E-02
-1.18328236E-02
-1.15163099E-02
-1.15163099E-02
-1.11091743E-02
-1.11091743E-02
-1.06290520E-02
-1.06290520E-02
-9.88743119E-03
-9.88743119E-03
-8.27974516E-03
-8.27974516E-03
-6.16791030E-03
-6.16791030E-03
-4.55606524E-03
-4.55606524E-03
-3.41455657E-03
-3.41455657E-03
-2.56991845E-03
-2.56991845E-03
-1.97984709E-03
-1.97984709E-03
-1.49484200E-03
-1.49484200E-03
-1.06413863E-03
-1.06413863E-03
-6.58597350E-04
-6.58597350E-04
-4.37682977E-04
-4.37682977E-04
-5.51783894E-04
-5.51783894E-04
-9.57146789E-04
-9.57146789E-04
-1.38786952E-03
-1.38786952E-03
-1.66762487E-03
-1.66762487E-03
-2.61725790E-03
-2.61725790E-03
-6.06672783E-03
-6.06672783E-03
-1.21502548E-02
-1.21502548E-02
-1.30316004E-02
-1.30316004E-02
-3.25468909E-04
-3.25468909E-04
2.03851172E-02
2.03851172E-02
2.69964322E-02
2.69964322E-02
1.11740061E-02
1.11740061E-02
-3.56571865E-03
-3.56571865E-03
-2.91209990E-03
-2.91209990E-03
1.68333333E-03
1.68333333E-03
4.78363914E-04
4.78363914E-04
-9.16106014E-03
-9.16106014E-03
-3.32016310E-02
-3.32016310E-02
-6.87423038E-02
-6.87423038E-02
-9.83200815E-02
-9.83200815E-02
-1.10167176E-01
-1.10167176E-01
-1.04194699E-01
-1.04194699E-01
-8.36986748E-02
-8.36986748E-02
-5.16702345E-02
-5.16702345E-02
-1.26734964E-02
-1.26734964E-02
2.66476045E-02
2.66476045E-02
6.22276249E-02
6.22276249E-02
9.20889908E-02
9.20889908E-02
1.15296636E-01
1.15296636E-01
1.32301733E-01
1.32301733E-01
1.44365953E-01
1.44365953E-01
1.52581040E-01
1.52581040E-01
1.57662589E-01
1.57662589E-01
1.60365953E-01
1.60365953E-01
1.61094801E-01
1.61094801E-01
1.59975535E-01
1.59975535E-01
1.57356779E-01
1.57356779E-01
1.53688073E-01
1.53688073E-01
1.49295617E-01
1.49295617E-01
1.44408767E-01
1.44408767E-01
1.38986748E-01
1.38986748E-01
1.32697248E-01
1.32697248E-01
1.25493374E-01
1.25493374E-01
1.17614679E-01
1.17614679E-01
1.08938838E-01
1.08938838E-01
9.93242610E-02
9.93242610E-02
8.90346585E-02
8.90346585E-02
7.84962283E-02
7.84962283E-02
6.82328236E-02
6.82328236E-02
5.87257900E-02
5.87257900E-02
5.02812436E-02
5.02812436E-02
4.31814475E-02
4.31814475E-02
3.75916412E-02
3.75916412E-02
3.34464832E-02
3.34464832E-02
3.05397554E-02
3.05397554E-02
2.93622834E-02
2.93622834E-02
)
