201
(
5.80450561E-02
5.79391437E-02
5.79391437E-02
5.75987768E-02
5.75987768E-02
5.70056065E-02
5.70056065E-02
5.61258919E-02
5.61258919E-02
5.49251784E-02
5.49251784E-02
5.33661570E-02
5.33661570E-02
5.14274210E-02
5.14274210E-02
4.90932722E-02
4.90932722E-02
4.63488277E-02
4.63488277E-02
4.31816514E-02
4.31816514E-02
3.95867482E-02
3.95867482E-02
3.55661570E-02
3.55661570E-02
3.11289501E-02
3.11289501E-02
2.62925586E-02
2.62925586E-02
2.10804281E-02
2.10804281E-02
1.55570846E-02
1.55570846E-02
9.79748216E-03
9.79748216E-03
3.78278287E-03
3.78278287E-03
-2.56128440E-03
-2.56128440E-03
-9.20040775E-03
-9.20040775E-03
-1.59238532E-02
-1.59238532E-02
-2.24909276E-02
-2.24909276E-02
-2.88005097E-02
-2.88005097E-02
-3.45127421E-02
-3.45127421E-02
-3.95099898E-02
-3.95099898E-02
-4.36571865E-02
-4.36571865E-02
-4.68762487E-02
-4.68762487E-02
-4.90106014E-02
-4.90106014E-02
-5.01921509E-02
-5.01921509E-02
-5.06474006E-02
-5.06474006E-02
-5.11665647E-02
-5.11665647E-02
-5.20754332E-02
-5.20754332E-02
-5.15463812E-02
-5.15463812E-02
-4.88235474E-02
-4.88235474E-02
-4.54142712E-02
-4.54142712E-02
-4.28843017E-02
-4.28843017E-02
-4.11493374E-02
-4.11493374E-02
-3.97007136E-02
-3.97007136E-02
-3.83007136E-02
-3.83007136E-02
-3.72182467E-02
-3.72182467E-02
-3.77207951E-02
-3.77207951E-02
-4.02592253E-02
-4.02592253E-02
-4.18730887E-02
-4.18730887E-02
-3.71649337E-02
-3.71649337E-02
-2.65663609E-02
-2.65663609E-02
-2.10285423E-02
-2.10285423E-02
-2.65077472E-02
-2.65077472E-02
-4.13424057E-02
-4.13424057E-02
-6.35773700E-02
-6.35773700E-02
-7.52102956E-02
-7.52102956E-02
-6.34021407E-02
-6.34021407E-02
-3.79059123E-02
-3.79059123E-02
-1.01049337E-02
-1.01049337E-02
1.27161060E-02
1.27161060E-02
2.87201835E-02
2.87201835E-02
3.96337411E-02
3.96337411E-02
4.71516820E-02
4.71516820E-02
5.25579001E-02
5.25579001E-02
5.59291539E-02
5.59291539E-02
5.71938838E-02
5.71938838E-02
5.65557594E-02
5.65557594E-02
5.33303772E-02
5.33303772E-02
4.80722732E-02
4.80722732E-02
4.32648318E-02
4.32648318E-02
4.03496432E-02
4.03496432E-02
3.84653415E-02
3.84653415E-02
3.63426096E-02
3.63426096E-02
3.31376147E-02
3.31376147E-02
2.83478084E-02
2.83478084E-02
2.11202854E-02
2.11202854E-02
1.18920489E-02
1.18920489E-02
3.91809378E-03
3.91809378E-03
-1.07601427E-04
-1.07601427E-04
-1.49440367E-04
-1.49440367E-04
3.01287462E-03
3.01287462E-03
8.21825688E-03
8.21825688E-03
1.44367992E-02
1.44367992E-02
2.09695209E-02
2.09695209E-02
2.71257900E-02
2.71257900E-02
3.27543323E-02
3.27543323E-02
3.77819572E-02
3.77819572E-02
4.22757390E-02
4.22757390E-02
4.61897044E-02
4.61897044E-02
4.95139653E-02
4.95139653E-02
5.23177370E-02
5.23177370E-02
5.46317023E-02
5.46317023E-02
5.65478084E-02
5.65478084E-02
5.81089704E-02
5.81089704E-02
5.93524975E-02
5.93524975E-02
6.02925586E-02
6.02925586E-02
6.09350663E-02
6.09350663E-02
6.13015291E-02
6.13015291E-02
6.14107034E-02
6.14107034E-02
6.12854230E-02
6.12854230E-02
6.09562691E-02
6.09562691E-02
6.04771662E-02
6.04771662E-02
5.98874618E-02
5.98874618E-02
5.92377166E-02
5.92377166E-02
5.86585117E-02
5.86585117E-02
5.84054027E-02
5.84054027E-02
)
