202
(
-3.04358818E-03
-3.04358818E-03
-2.24816514E-03
-2.24816514E-03
-6.44663609E-04
-6.44663609E-04
9.45592253E-04
9.45592253E-04
2.46265036E-03
2.46265036E-03
3.90306830E-03
3.90306830E-03
5.23380224E-03
5.23380224E-03
6.38311927E-03
6.38311927E-03
7.32027523E-03
7.32027523E-03
8.00386340E-03
8.00386340E-03
8.39246687E-03
8.39246687E-03
8.45002039E-03
8.45002039E-03
8.13358818E-03
8.13358818E-03
7.41077472E-03
7.41077472E-03
6.27435270E-03
6.27435270E-03
4.70879715E-03
4.70879715E-03
2.71328236E-03
2.71328236E-03
2.89388379E-04
2.89388379E-04
-2.56577982E-03
-2.56577982E-03
-5.81306830E-03
-5.81306830E-03
-9.41403670E-03
-9.41403670E-03
-1.33507645E-02
-1.33507645E-02
-1.76057085E-02
-1.76057085E-02
-2.21443425E-02
-2.21443425E-02
-2.68264016E-02
-2.68264016E-02
-3.14924567E-02
-3.14924567E-02
-3.59186544E-02
-3.59186544E-02
-3.99060143E-02
-3.99060143E-02
-4.30840979E-02
-4.30840979E-02
-4.55581040E-02
-4.55581040E-02
-4.74853211E-02
-4.74853211E-02
-4.84405708E-02
-4.84405708E-02
-4.86554536E-02
-4.86554536E-02
-4.88978593E-02
-4.88978593E-02
-4.91129460E-02
-4.91129460E-02
-4.77693170E-02
-4.77693170E-02
-4.46683996E-02
-4.46683996E-02
-4.17844037E-02
-4.17844037E-02
-3.98270133E-02
-3.98270133E-02
-3.83142712E-02
-3.83142712E-02
-3.71753313E-02
-3.71753313E-02
-3.63877676E-02
-3.63877676E-02
-3.58552497E-02
-3.58552497E-02
-3.56135576E-02
-3.56135576E-02
-3.54110092E-02
-3.54110092E-02
-3.45402650E-02
-3.45402650E-02
-3.31083588E-02
-3.31083588E-02
-3.27158002E-02
-3.27158002E-02
-3.40681957E-02
-3.40681957E-02
-3.38514781E-02
-3.38514781E-02
-2.75790010E-02
-2.75790010E-02
-1.89036697E-02
-1.89036697E-02
-1.78095821E-02
-1.78095821E-02
-2.19551478E-02
-2.19551478E-02
-2.77920489E-02
-2.77920489E-02
-4.73358818E-02
-4.73358818E-02
-8.66326198E-02
-8.66326198E-02
-1.22984709E-01
-1.22984709E-01
-1.31211009E-01
-1.31211009E-01
-1.13737003E-01
-1.13737003E-01
-8.19179409E-02
-8.19179409E-02
-4.44986748E-02
-4.44986748E-02
-8.75738022E-03
-8.75738022E-03
2.16900102E-02
2.16900102E-02
4.65867482E-02
4.65867482E-02
6.76764526E-02
6.76764526E-02
8.59384302E-02
8.59384302E-02
1.00969827E-01
1.00969827E-01
1.11824669E-01
1.11824669E-01
1.17746177E-01
1.17746177E-01
1.18225280E-01
1.18225280E-01
1.13234455E-01
1.13234455E-01
1.03768603E-01
1.03768603E-01
9.14924567E-02
9.14924567E-02
7.80261978E-02
7.80261978E-02
6.50325178E-02
6.50325178E-02
5.39150866E-02
5.39150866E-02
4.52812436E-02
4.52812436E-02
3.86620795E-02
3.86620795E-02
3.29923547E-02
3.29923547E-02
2.77708461E-02
2.77708461E-02
2.30431193E-02
2.30431193E-02
1.88082569E-02
1.88082569E-02
1.49829766E-02
1.49829766E-02
1.15472987E-02
1.15472987E-02
8.54028542E-03
8.54028542E-03
6.10044852E-03
6.10044852E-03
4.26921509E-03
4.26921509E-03
2.87739042E-03
2.87739042E-03
1.77289501E-03
1.77289501E-03
8.97579001E-04
8.97579001E-04
1.99935780E-04
1.99935780E-04
-4.60694190E-04
-4.60694190E-04
-1.35408767E-03
-1.35408767E-03
-2.77985729E-03
-2.77985729E-03
-4.60063201E-03
-4.60063201E-03
-6.18084608E-03
-6.18084608E-03
-6.91336391E-03
-6.91336391E-03
-6.56897044E-03
-6.56897044E-03
-5.40620795E-03
-5.40620795E-03
-4.68317023E-03
-4.68317023E-03
)
