202
(
8.48815494E-02
8.48815494E-02
8.40040775E-02
8.40040775E-02
8.17661570E-02
8.17661570E-02
7.88086646E-02
7.88086646E-02
7.55035678E-02
7.55035678E-02
7.19095821E-02
7.19095821E-02
6.79768603E-02
6.79768603E-02
6.36323140E-02
6.36323140E-02
5.88643221E-02
5.88643221E-02
5.36074414E-02
5.36074414E-02
4.78979613E-02
4.78979613E-02
4.17442406E-02
4.17442406E-02
3.52627931E-02
3.52627931E-02
2.85147808E-02
2.85147808E-02
2.16707441E-02
2.16707441E-02
1.48277268E-02
1.48277268E-02
8.04667686E-03
8.04667686E-03
1.70142712E-03
1.70142712E-03
-4.21857288E-03
-4.21857288E-03
-9.59545362E-03
-9.59545362E-03
-1.43458716E-02
-1.43458716E-02
-1.84698267E-02
-1.84698267E-02
-2.18133537E-02
-2.18133537E-02
-2.44174312E-02
-2.44174312E-02
-2.62881753E-02
-2.62881753E-02
-2.74196738E-02
-2.74196738E-02
-2.79913354E-02
-2.79913354E-02
-2.80182467E-02
-2.80182467E-02
-2.76536188E-02
-2.76536188E-02
-2.70273191E-02
-2.70273191E-02
-2.60529052E-02
-2.60529052E-02
-2.47939857E-02
-2.47939857E-02
-2.33110092E-02
-2.33110092E-02
-2.16520897E-02
-2.16520897E-02
-2.00135576E-02
-2.00135576E-02
-1.84344546E-02
-1.84344546E-02
-1.67729867E-02
-1.67729867E-02
-1.50845056E-02
-1.50845056E-02
-1.36448522E-02
-1.36448522E-02
-1.27095821E-02
-1.27095821E-02
-1.23514781E-02
-1.23514781E-02
-1.24329256E-02
-1.24329256E-02
-1.26765545E-02
-1.26765545E-02
-1.28276249E-02
-1.28276249E-02
-1.28363914E-02
-1.28363914E-02
-1.28593272E-02
-1.28593272E-02
-1.31941896E-02
-1.31941896E-02
-1.42618756E-02
-1.42618756E-02
-1.66345566E-02
-1.66345566E-02
-2.13606524E-02
-2.13606524E-02
-2.96949032E-02
-2.96949032E-02
-4.13807339E-02
-4.13807339E-02
-5.26783894E-02
-5.26783894E-02
-5.76799185E-02
-5.76799185E-02
-5.41703364E-02
-5.41703364E-02
-4.83538226E-02
-4.83538226E-02
-4.55810398E-02
-4.55810398E-02
-4.50834862E-02
-4.50834862E-02
-4.59682977E-02
-4.59682977E-02
-4.69082569E-02
-4.69082569E-02
-4.73741081E-02
-4.73741081E-02
-4.88689093E-02
-4.88689093E-02
-5.27873598E-02
-5.27873598E-02
-6.40896024E-02
-6.40896024E-02
-8.64476045E-02
-8.64476045E-02
-1.12536188E-01
-1.12536188E-01
-1.31604485E-01
-1.31604485E-01
-1.39173293E-01
-1.39173293E-01
-1.33281346E-01
-1.33281346E-01
-1.14147808E-01
-1.14147808E-01
-8.50683996E-02
-8.50683996E-02
-4.78273191E-02
-4.78273191E-02
-6.13873598E-03
-6.13873598E-03
3.57930683E-02
3.57930683E-02
7.55480122E-02
7.55480122E-02
1.11032620E-01
1.11032620E-01
1.40615698E-01
1.40615698E-01
1.63053007E-01
1.63053007E-01
1.78833843E-01
1.78833843E-01
1.88734964E-01
1.88734964E-01
1.93572885E-01
1.93572885E-01
1.94650357E-01
1.94650357E-01
1.92742100E-01
1.92742100E-01
1.88715596E-01
1.88715596E-01
1.83498471E-01
1.83498471E-01
1.77492355E-01
1.77492355E-01
1.70911315E-01
1.70911315E-01
1.63938838E-01
1.63938838E-01
1.56752294E-01
1.56752294E-01
1.49442406E-01
1.49442406E-01
1.42087666E-01
1.42087666E-01
1.34772681E-01
1.34772681E-01
1.27546381E-01
1.27546381E-01
1.20506626E-01
1.20506626E-01
1.13793068E-01
1.13793068E-01
1.07367992E-01
1.07367992E-01
1.01272273E-01
1.01272273E-01
9.58946993E-02
9.58946993E-02
9.15103976E-02
9.15103976E-02
8.81344546E-02
8.81344546E-02
8.66946993E-02
8.66946993E-02
)
