201
(
5.41531091E-02
5.40879715E-02
5.40879715E-02
5.38406728E-02
5.38406728E-02
5.33552497E-02
5.33552497E-02
5.25986748E-02
5.25986748E-02
5.15291539E-02
5.15291539E-02
5.00970438E-02
5.00970438E-02
4.82785933E-02
4.82785933E-02
4.60601427E-02
4.60601427E-02
4.34250765E-02
4.34250765E-02
4.03692151E-02
4.03692151E-02
3.68825688E-02
3.68825688E-02
3.29761468E-02
3.29761468E-02
2.86515800E-02
2.86515800E-02
2.39288481E-02
2.39288481E-02
1.88326198E-02
1.88326198E-02
1.34152905E-02
1.34152905E-02
7.74696228E-03
7.74696228E-03
1.85992864E-03
1.85992864E-03
-4.35101937E-03
-4.35101937E-03
-1.08611621E-02
-1.08611621E-02
-1.74997961E-02
-1.74997961E-02
-2.40153925E-02
-2.40153925E-02
-3.02979613E-02
-3.02979613E-02
-3.59776758E-02
-3.59776758E-02
-4.09046891E-02
-4.09046891E-02
-4.50896024E-02
-4.50896024E-02
-4.84034659E-02
-4.84034659E-02
-5.05129460E-02
-5.05129460E-02
-5.16285423E-02
-5.16285423E-02
-5.21112130E-02
-5.21112130E-02
-5.26107034E-02
-5.26107034E-02
-5.34914373E-02
-5.34914373E-02
-5.29179409E-02
-5.29179409E-02
-5.01172273E-02
-5.01172273E-02
-4.67003058E-02
-4.67003058E-02
-4.41766565E-02
-4.41766565E-02
-4.24953109E-02
-4.24953109E-02
-4.12072375E-02
-4.12072375E-02
-3.98853211E-02
-3.98853211E-02
-3.82203874E-02
-3.82203874E-02
-3.72688073E-02
-3.72688073E-02
-3.86349643E-02
-3.86349643E-02
-4.03811417E-02
-4.03811417E-02
-3.71726809E-02
-3.71726809E-02
-3.01953109E-02
-3.01953109E-02
-2.93984709E-02
-2.93984709E-02
-3.70990826E-02
-3.70990826E-02
-5.28707441E-02
-5.28707441E-02
-7.71310907E-02
-7.71310907E-02
-8.93397554E-02
-8.93397554E-02
-7.64056065E-02
-7.64056065E-02
-4.98113150E-02
-4.98113150E-02
-2.13697248E-02
-2.13697248E-02
2.06892966E-03
2.06892966E-03
1.90747197E-02
1.90747197E-02
3.11881753E-02
3.11881753E-02
4.06477064E-02
4.06477064E-02
4.81654434E-02
4.81654434E-02
5.30589195E-02
5.30589195E-02
5.53339450E-02
5.53339450E-02
5.48269113E-02
5.48269113E-02
5.05147808E-02
5.05147808E-02
4.34765545E-02
4.34765545E-02
3.67801223E-02
3.67801223E-02
3.19848114E-02
3.19848114E-02
2.92165138E-02
2.92165138E-02
2.79889908E-02
2.79889908E-02
2.71761468E-02
2.71761468E-02
2.53911315E-02
2.53911315E-02
2.16343527E-02
2.16343527E-02
1.57949032E-02
1.57949032E-02
9.33375127E-03
9.33375127E-03
4.60330275E-03
4.60330275E-03
2.65570846E-03
2.65570846E-03
3.55287462E-03
3.55287462E-03
6.65847095E-03
6.65847095E-03
1.09933741E-02
1.09933741E-02
1.60793068E-02
1.60793068E-02
2.11860347E-02
2.11860347E-02
2.61200815E-02
2.61200815E-02
3.08596330E-02
3.08596330E-02
3.50708461E-02
3.50708461E-02
3.89016310E-02
3.89016310E-02
4.22916412E-02
4.22916412E-02
4.52131498E-02
4.52131498E-02
4.77853211E-02
4.77853211E-02
4.99326198E-02
4.99326198E-02
5.17122324E-02
5.17122324E-02
5.32086646E-02
5.32086646E-02
5.43991845E-02
5.43991845E-02
5.52821611E-02
5.52821611E-02
5.58785933E-02
5.58785933E-02
5.62087666E-02
5.62087666E-02
5.62967380E-02
5.62967380E-02
5.61712538E-02
5.61712538E-02
5.58854230E-02
5.58854230E-02
5.54762487E-02
5.54762487E-02
5.49816514E-02
5.49816514E-02
5.45384302E-02
5.45384302E-02
5.43514781E-02
5.43514781E-02
)
