202
(
6.23704383E-02
6.23704383E-02
6.14265036E-02
6.14265036E-02
5.86517839E-02
5.86517839E-02
5.45986748E-02
5.45986748E-02
5.01176351E-02
5.01176351E-02
4.55757390E-02
4.55757390E-02
4.08114169E-02
4.08114169E-02
3.56886850E-02
3.56886850E-02
3.03386340E-02
3.03386340E-02
2.49524975E-02
2.49524975E-02
1.97436290E-02
1.97436290E-02
1.49005097E-02
1.49005097E-02
1.05247706E-02
1.05247706E-02
6.60083588E-03
6.60083588E-03
3.03241590E-03
3.03241590E-03
-2.74337411E-04
-2.74337411E-04
-3.37196738E-03
-3.37196738E-03
-6.28582059E-03
-6.28582059E-03
-9.01581040E-03
-9.01581040E-03
-1.15443425E-02
-1.15443425E-02
-1.38338430E-02
-1.38338430E-02
-1.58427115E-02
-1.58427115E-02
-1.76075433E-02
-1.76075433E-02
-1.91399592E-02
-1.91399592E-02
-2.03972477E-02
-2.03972477E-02
-2.13655454E-02
-2.13655454E-02
-2.20738022E-02
-2.20738022E-02
-2.26190622E-02
-2.26190622E-02
-2.31208970E-02
-2.31208970E-02
-2.35979613E-02
-2.35979613E-02
-2.41534149E-02
-2.41534149E-02
-2.49501529E-02
-2.49501529E-02
-2.57920489E-02
-2.57920489E-02
-2.64244648E-02
-2.64244648E-02
-2.68175331E-02
-2.68175331E-02
-2.70122324E-02
-2.70122324E-02
-2.69704383E-02
-2.69704383E-02
-2.65245668E-02
-2.65245668E-02
-2.56788991E-02
-2.56788991E-02
-2.46337411E-02
-2.46337411E-02
-2.36025484E-02
-2.36025484E-02
-2.28004077E-02
-2.28004077E-02
-2.24407747E-02
-2.24407747E-02
-2.26181448E-02
-2.26181448E-02
-2.30950051E-02
-2.30950051E-02
-2.34850153E-02
-2.34850153E-02
-2.36465851E-02
-2.36465851E-02
-2.37281346E-02
-2.37281346E-02
-2.39600408E-02
-2.39600408E-02
-2.45170234E-02
-2.45170234E-02
-2.55327217E-02
-2.55327217E-02
-2.66974516E-02
-2.66974516E-02
-2.69739042E-02
-2.69739042E-02
-2.66250765E-02
-2.66250765E-02
-2.91487258E-02
-2.91487258E-02
-3.92699286E-02
-3.92699286E-02
-5.40468909E-02
-5.40468909E-02
-5.95768603E-02
-5.95768603E-02
-5.38801223E-02
-5.38801223E-02
-4.94737003E-02
-4.94737003E-02
-4.99134557E-02
-4.99134557E-02
-5.18925586E-02
-5.18925586E-02
-5.47394495E-02
-5.47394495E-02
-6.25962283E-02
-6.25962283E-02
-8.22231397E-02
-8.22231397E-02
-1.09657492E-01
-1.09657492E-01
-1.32255861E-01
-1.32255861E-01
-1.43086646E-01
-1.43086646E-01
-1.38968400E-01
-1.38968400E-01
-1.19048930E-01
-1.19048930E-01
-8.68910296E-02
-8.68910296E-02
-4.64804281E-02
-4.64804281E-02
-2.31253823E-03
-2.31253823E-03
4.06158002E-02
4.06158002E-02
7.85092762E-02
7.85092762E-02
1.09283384E-01
1.09283384E-01
1.33054027E-01
1.33054027E-01
1.50075433E-01
1.50075433E-01
1.60897044E-01
1.60897044E-01
1.66989806E-01
1.66989806E-01
1.69767584E-01
1.69767584E-01
1.69803262E-01
1.69803262E-01
1.67525994E-01
1.67525994E-01
1.63681957E-01
1.63681957E-01
1.58795107E-01
1.58795107E-01
1.53151886E-01
1.53151886E-01
1.46930683E-01
1.46930683E-01
1.40270133E-01
1.40270133E-01
1.33311927E-01
1.33311927E-01
1.26163099E-01
1.26163099E-01
1.18892966E-01
1.18892966E-01
1.11605505E-01
1.11605505E-01
1.04399592E-01
1.04399592E-01
9.74076453E-02
9.74076453E-02
9.07718654E-02
9.07718654E-02
8.46763507E-02
8.46763507E-02
7.89084608E-02
7.89084608E-02
7.30568807E-02
7.30568807E-02
6.83370031E-02
6.83370031E-02
6.53494393E-02
6.53494393E-02
6.41225280E-02
6.41225280E-02
)
