202
(
6.13465851E-02
6.13465851E-02
6.05218145E-02
6.05218145E-02
5.79000000E-02
5.79000000E-02
5.37858308E-02
5.37858308E-02
4.90345566E-02
4.90345566E-02
4.40833843E-02
4.40833843E-02
3.89811417E-02
3.89811417E-02
3.38521916E-02
3.38521916E-02
2.88202854E-02
2.88202854E-02
2.40244648E-02
2.40244648E-02
1.95856269E-02
1.95856269E-02
1.54416922E-02
1.54416922E-02
1.15927625E-02
1.15927625E-02
8.04376147E-03
8.04376147E-03
4.71458716E-03
4.71458716E-03
1.55390418E-03
1.55390418E-03
-1.46542304E-03
-1.46542304E-03
-4.32311927E-03
-4.32311927E-03
-6.97892966E-03
-6.97892966E-03
-9.40179409E-03
-9.40179409E-03
-1.15746177E-02
-1.15746177E-02
-1.34925586E-02
-1.34925586E-02
-1.51616718E-02
-1.51616718E-02
-1.65798165E-02
-1.65798165E-02
-1.77192661E-02
-1.77192661E-02
-1.86094801E-02
-1.86094801E-02
-1.93347604E-02
-1.93347604E-02
-2.00160041E-02
-2.00160041E-02
-2.07822630E-02
-2.07822630E-02
-2.16807339E-02
-2.16807339E-02
-2.27205912E-02
-2.27205912E-02
-2.37550459E-02
-2.37550459E-02
-2.42993884E-02
-2.42993884E-02
-2.41090724E-02
-2.41090724E-02
-2.34949032E-02
-2.34949032E-02
-2.27537207E-02
-2.27537207E-02
-2.19067278E-02
-2.19067278E-02
-2.08685015E-02
-2.08685015E-02
-1.98396534E-02
-1.98396534E-02
-1.91640163E-02
-1.91640163E-02
-1.87232416E-02
-1.87232416E-02
-1.82403670E-02
-1.82403670E-02
-1.77664628E-02
-1.77664628E-02
-1.76193680E-02
-1.76193680E-02
-1.79145770E-02
-1.79145770E-02
-1.83347604E-02
-1.83347604E-02
-1.86147808E-02
-1.86147808E-02
-1.87891947E-02
-1.87891947E-02
-1.89986748E-02
-1.89986748E-02
-1.93827727E-02
-1.93827727E-02
-2.00621814E-02
-2.00621814E-02
-2.10944954E-02
-2.10944954E-02
-2.30235474E-02
-2.30235474E-02
-2.78163099E-02
-2.78163099E-02
-3.88035678E-02
-3.88035678E-02
-5.34328236E-02
-5.34328236E-02
-6.02819572E-02
-6.02819572E-02
-5.58094801E-02
-5.58094801E-02
-5.07623853E-02
-5.07623853E-02
-5.08808359E-02
-5.08808359E-02
-5.25738022E-02
-5.25738022E-02
-5.45152905E-02
-5.45152905E-02
-5.92281346E-02
-5.92281346E-02
-7.15847095E-02
-7.15847095E-02
-9.33743119E-02
-9.33743119E-02
-1.16375127E-01
-1.16375127E-01
-1.31408767E-01
-1.31408767E-01
-1.35042813E-01
-1.35042813E-01
-1.25109072E-01
-1.25109072E-01
-1.01759633E-01
-1.01759633E-01
-6.80708461E-02
-6.80708461E-02
-2.82981651E-02
-2.82981651E-02
1.35088685E-02
1.35088685E-02
5.32174312E-02
5.32174312E-02
8.76023445E-02
8.76023445E-02
1.15623853E-01
1.15623853E-01
1.37047910E-01
1.37047910E-01
1.52056065E-01
1.52056065E-01
1.61748216E-01
1.61748216E-01
1.67223242E-01
1.67223242E-01
1.69485219E-01
1.69485219E-01
1.69468909E-01
1.69468909E-01
1.67454638E-01
1.67454638E-01
1.63834862E-01
1.63834862E-01
1.59063201E-01
1.59063201E-01
1.53450561E-01
1.53450561E-01
1.47197757E-01
1.47197757E-01
1.40478084E-01
1.40478084E-01
1.33447503E-01
1.33447503E-01
1.26232416E-01
1.26232416E-01
1.18932722E-01
1.18932722E-01
1.11649337E-01
1.11649337E-01
1.04474006E-01
1.04474006E-01
9.74985729E-02
9.74985729E-02
9.07836901E-02
9.07836901E-02
8.45004077E-02
8.45004077E-02
7.84755352E-02
7.84755352E-02
7.22956167E-02
7.22956167E-02
6.71180428E-02
6.71180428E-02
6.38858308E-02
6.38858308E-02
6.26914373E-02
6.26914373E-02
)
