// Points
202
(

(0 0 0)
(0 0 29)
(0.15202 0.0238114 0)
(0.15202 0.0238114 29)
(0.303742 0.0494608 0)
(0.303742 0.0494608 29)
(0.455178 0.0767513 0)
(0.455178 0.0767513 29)
(0.606345 0.10549 0)
(0.606345 0.10549 29)
(0.757267 0.135487 0)
(0.757267 0.135487 29)
(0.907973 0.166558 0)
(0.907973 0.166558 29)
(1.05849 0.198519 0)
(1.05849 0.198519 29)
(1.20886 0.23119 0)
(1.20886 0.23119 29)
(1.35911 0.264395 0)
(1.35911 0.264395 29)
(1.50928 0.297956 0)
(1.50928 0.297956 29)
(1.65941 0.3317 0)
(1.65941 0.3317 29)
(1.80954 0.365453 0)
(1.80954 0.365453 29)
(1.9597 0.39904 0)
(1.9597 0.39904 29)
(2.10994 0.432287 0)
(2.10994 0.432287 29)
(2.2603 0.465017 0)
(2.2603 0.465017 29)
(2.4108 0.497055 0)
(2.4108 0.497055 29)
(2.56149 0.528219 0)
(2.56149 0.528219 29)
(2.71239 0.558329 0)
(2.71239 0.558329 29)
(2.86353 0.587197 0)
(2.86353 0.587197 29)
(3.01494 0.614636 0)
(3.01494 0.614636 29)
(3.16663 0.640452 0)
(3.16663 0.640452 29)
(3.31863 0.664451 0)
(3.31863 0.664451 29)
(3.47092 0.686429 0)
(3.47092 0.686429 29)
(3.62352 0.706185 0)
(3.62352 0.706185 29)
(3.77641 0.723511 0)
(3.77641 0.723511 29)
(3.92958 0.738198 0)
(3.92958 0.738198 29)
(4.083 0.750035 0)
(4.083 0.750035 29)
(4.23662 0.75881 0)
(4.23662 0.75881 29)
(4.3904 0.764314 0)
(4.3904 0.764314 29)
(4.54426 0.766339 0)
(4.54426 0.766339 29)
(4.69812 0.764687 0)
(4.69812 0.764687 29)
(4.85189 0.759163 0)
(4.85189 0.759163 29)
(5.00546 0.749586 0)
(5.00546 0.749586 29)
(5.15861 0.73478 0)
(5.15861 0.73478 29)
(5.31109 0.714145 0)
(5.31109 0.714145 29)
(5.46275 0.688169 0)
(5.46275 0.688169 29)
(5.6135 0.657333 0)
(5.6135 0.657333 29)
(5.76328 0.622108 0)
(5.76328 0.622108 29)
(5.91208 0.582946 0)
(5.91208 0.582946 29)
(6.05992 0.540276 0)
(6.05992 0.540276 29)
(6.20683 0.494506 0)
(6.20683 0.494506 29)
(6.35287 0.446021 0)
(6.35287 0.446021 29)
(6.4981 0.395182 0)
(6.4981 0.395182 29)
(6.64261 0.342328 0)
(6.64261 0.342328 29)
(6.78649 0.287783 0)
(6.78649 0.287783 29)
(6.92984 0.231853 0)
(6.92984 0.231853 29)
(7.07276 0.174831 0)
(7.07276 0.174831 29)
(7.21536 0.117 0)
(7.21536 0.117 29)
(7.35773 0.0586331 0)
(7.35773 0.0586331 29)
(7.5 0.00000000000954176 0)
(7.5 0.00000000000954176 29)
(7.64227 -0.0586331 0)
(7.64227 -0.0586331 29)
(7.78464 -0.117 0)
(7.78464 -0.117 29)
(7.92724 -0.174831 0)
(7.92724 -0.174831 29)
(8.07016 -0.231853 0)
(8.07016 -0.231853 29)
(8.21351 -0.287783 0)
(8.21351 -0.287783 29)
(8.35739 -0.342328 0)
(8.35739 -0.342328 29)
(8.5019 -0.395182 0)
(8.5019 -0.395182 29)
(8.64713 -0.446021 0)
(8.64713 -0.446021 29)
(8.79317 -0.494506 0)
(8.79317 -0.494506 29)
(8.94008 -0.540276 0)
(8.94008 -0.540276 29)
(9.08792 -0.582946 0)
(9.08792 -0.582946 29)
(9.23672 -0.622108 0)
(9.23672 -0.622108 29)
(9.3865 -0.657333 0)
(9.3865 -0.657333 29)
(9.53725 -0.688169 0)
(9.53725 -0.688169 29)
(9.68891 -0.714145 0)
(9.68891 -0.714145 29)
(9.84139 -0.73478 0)
(9.84139 -0.73478 29)
(9.99454 -0.749586 0)
(9.99454 -0.749586 29)
(10.1481 -0.759163 0)
(10.1481 -0.759163 29)
(10.3019 -0.764687 0)
(10.3019 -0.764687 29)
(10.4557 -0.766339 0)
(10.4557 -0.766339 29)
(10.6096 -0.764314 0)
(10.6096 -0.764314 29)
(10.7634 -0.75881 0)
(10.7634 -0.75881 29)
(10.917 -0.750035 0)
(10.917 -0.750035 29)
(11.0704 -0.738198 0)
(11.0704 -0.738198 29)
(11.2236 -0.723511 0)
(11.2236 -0.723511 29)
(11.3765 -0.706185 0)
(11.3765 -0.706185 29)
(11.5291 -0.686429 0)
(11.5291 -0.686429 29)
(11.6814 -0.664451 0)
(11.6814 -0.664451 29)
(11.8334 -0.640452 0)
(11.8334 -0.640452 29)
(11.9851 -0.614636 0)
(11.9851 -0.614636 29)
(12.1365 -0.587197 0)
(12.1365 -0.587197 29)
(12.2876 -0.558329 0)
(12.2876 -0.558329 29)
(12.4385 -0.528219 0)
(12.4385 -0.528219 29)
(12.5892 -0.497055 0)
(12.5892 -0.497055 29)
(12.7397 -0.465017 0)
(12.7397 -0.465017 29)
(12.8901 -0.432287 0)
(12.8901 -0.432287 29)
(13.0403 -0.39904 0)
(13.0403 -0.39904 29)
(13.1905 -0.365453 0)
(13.1905 -0.365453 29)
(13.3406 -0.3317 0)
(13.3406 -0.3317 29)
(13.4907 -0.297956 0)
(13.4907 -0.297956 29)
(13.6409 -0.264395 0)
(13.6409 -0.264395 29)
(13.7911 -0.23119 0)
(13.7911 -0.23119 29)
(13.9415 -0.198519 0)
(13.9415 -0.198519 29)
(14.092 -0.166558 0)
(14.092 -0.166558 29)
(14.2427 -0.135487 0)
(14.2427 -0.135487 29)
(14.3937 -0.10549 0)
(14.3937 -0.10549 29)
(14.5448 -0.0767513 0)
(14.5448 -0.0767513 29)
(14.6963 -0.0494608 0)
(14.6963 -0.0494608 29)
(14.848 -0.0238114 0)
(14.848 -0.0238114 29)
(15 0 0)
(15 0 29)

)

// ************************************************************************* //
