202
(
8.66102956E-02
8.66102956E-02
8.57879715E-02
8.57879715E-02
8.38109072E-02
8.38109072E-02
8.12048930E-02
8.12048930E-02
7.82531091E-02
7.82531091E-02
7.49964322E-02
7.49964322E-02
7.12472987E-02
7.12472987E-02
6.70284404E-02
6.70284404E-02
6.23434251E-02
6.23434251E-02
5.72016310E-02
5.72016310E-02
5.16380224E-02
5.16380224E-02
4.56843017E-02
4.56843017E-02
3.93758410E-02
3.93758410E-02
3.27923547E-02
3.27923547E-02
2.59753313E-02
2.59753313E-02
1.90701325E-02
1.90701325E-02
1.21059123E-02
1.21059123E-02
4.94593272E-03
4.94593272E-03
-2.37533129E-03
-2.37533129E-03
-9.56849134E-03
-9.56849134E-03
-1.62502548E-02
-1.62502548E-02
-2.23012232E-02
-2.23012232E-02
-2.77647299E-02
-2.77647299E-02
-3.25251784E-02
-3.25251784E-02
-3.65499490E-02
-3.65499490E-02
-3.98362895E-02
-3.98362895E-02
-4.22769623E-02
-4.22769623E-02
-4.39459735E-02
-4.39459735E-02
-4.51170234E-02
-4.51170234E-02
-4.59220183E-02
-4.59220183E-02
-4.62786952E-02
-4.62786952E-02
-4.60662589E-02
-4.60662589E-02
-4.51664628E-02
-4.51664628E-02
-4.38355759E-02
-4.38355759E-02
-4.26402650E-02
-4.26402650E-02
-4.18500510E-02
-4.18500510E-02
-4.12540265E-02
-4.12540265E-02
-4.07321101E-02
-4.07321101E-02
-4.03856269E-02
-4.03856269E-02
-4.03139653E-02
-4.03139653E-02
-4.04838940E-02
-4.04838940E-02
-4.01700306E-02
-4.01700306E-02
-3.77538226E-02
-3.77538226E-02
-3.22160041E-02
-3.22160041E-02
-2.46797146E-02
-2.46797146E-02
-1.75456677E-02
-1.75456677E-02
-1.23360856E-02
-1.23360856E-02
-9.11929664E-03
-9.11929664E-03
-7.04513761E-03
-7.04513761E-03
-5.05690112E-03
-5.05690112E-03
-2.61208970E-03
-2.61208970E-03
2.96804281E-04
2.96804281E-04
3.53469929E-03
3.53469929E-03
6.85057085E-03
6.85057085E-03
9.79386340E-03
9.79386340E-03
1.21443425E-02
1.21443425E-02
1.39996942E-02
1.39996942E-02
1.60278287E-02
1.60278287E-02
1.86468909E-02
1.86468909E-02
1.97268094E-02
1.97268094E-02
1.80182467E-02
1.80182467E-02
1.45108053E-02
1.45108053E-02
7.08261978E-03
7.08261978E-03
-1.28403670E-02
-1.28403670E-02
-4.93888889E-02
-4.93888889E-02
-8.56234455E-02
-8.56234455E-02
-1.04747197E-01
-1.04747197E-01
-1.05782875E-01
-1.05782875E-01
-9.23468909E-02
-9.23468909E-02
-6.73938838E-02
-6.73938838E-02
-3.40345566E-02
-3.40345566E-02
2.77864424E-03
2.77864424E-03
3.89584098E-02
3.89584098E-02
7.13092762E-02
7.13092762E-02
9.84861366E-02
9.84861366E-02
1.20705403E-01
1.20705403E-01
1.38075433E-01
1.38075433E-01
1.50720693E-01
1.50720693E-01
1.59247706E-01
1.59247706E-01
1.64166157E-01
1.64166157E-01
1.66135576E-01
1.66135576E-01
1.65809378E-01
1.65809378E-01
1.63730887E-01
1.63730887E-01
1.60609582E-01
1.60609582E-01
1.56907238E-01
1.56907238E-01
1.52752294E-01
1.52752294E-01
1.48262997E-01
1.48262997E-01
1.43540265E-01
1.43540265E-01
1.38668705E-01
1.38668705E-01
1.33683996E-01
1.33683996E-01
1.28623853E-01
1.28623853E-01
1.23527013E-01
1.23527013E-01
1.18435270E-01
1.18435270E-01
1.13400612E-01
1.13400612E-01
1.08466871E-01
1.08466871E-01
1.03599388E-01
1.03599388E-01
9.89843017E-02
9.89843017E-02
9.49837920E-02
9.49837920E-02
9.17217125E-02
9.17217125E-02
8.91594292E-02
8.91594292E-02
8.80413863E-02
8.80413863E-02
)
