202
(
2.99200815E-02
2.99200815E-02
3.02426096E-02
3.02426096E-02
3.08145770E-02
3.08145770E-02
3.12298675E-02
3.12298675E-02
3.14503568E-02
3.14503568E-02
3.14378186E-02
3.14378186E-02
3.11527013E-02
3.11527013E-02
3.05673802E-02
3.05673802E-02
2.96577982E-02
2.96577982E-02
2.83899083E-02
2.83899083E-02
2.67557594E-02
2.67557594E-02
2.47184506E-02
2.47184506E-02
2.22781855E-02
2.22781855E-02
1.94178389E-02
1.94178389E-02
1.61391437E-02
1.61391437E-02
1.24573904E-02
1.24573904E-02
8.36893986E-03
8.36893986E-03
3.92067278E-03
3.92067278E-03
-8.43914373E-04
-8.43914373E-04
-5.90883792E-03
-5.90883792E-03
-1.13201835E-02
-1.13201835E-02
-1.70371050E-02
-1.70371050E-02
-2.29357798E-02
-2.29357798E-02
-2.87625892E-02
-2.87625892E-02
-3.44272171E-02
-3.44272171E-02
-3.95719674E-02
-3.95719674E-02
-4.41790010E-02
-4.41790010E-02
-4.81677880E-02
-4.81677880E-02
-5.11884811E-02
-5.11884811E-02
-5.34288481E-02
-5.34288481E-02
-5.46188583E-02
-5.46188583E-02
-5.50654434E-02
-5.50654434E-02
-5.57892966E-02
-5.57892966E-02
-5.65708461E-02
-5.65708461E-02
-5.55897044E-02
-5.55897044E-02
-5.25695209E-02
-5.25695209E-02
-4.96571865E-02
-4.96571865E-02
-4.76746177E-02
-4.76746177E-02
-4.61442406E-02
-4.61442406E-02
-4.49800204E-02
-4.49800204E-02
-4.43557594E-02
-4.43557594E-02
-4.45927625E-02
-4.45927625E-02
-4.50300714E-02
-4.50300714E-02
-4.39624873E-02
-4.39624873E-02
-4.06361876E-02
-4.06361876E-02
-3.69779817E-02
-3.69779817E-02
-3.58831804E-02
-3.58831804E-02
-3.66332314E-02
-3.66332314E-02
-3.69414883E-02
-3.69414883E-02
-3.63519878E-02
-3.63519878E-02
-3.71917431E-02
-3.71917431E-02
-4.58922528E-02
-4.58922528E-02
-6.92915392E-02
-6.92915392E-02
-9.86323140E-02
-9.86323140E-02
-1.08807339E-01
-1.08807339E-01
-9.27518858E-02
-9.27518858E-02
-6.16287462E-02
-6.16287462E-02
-2.63257900E-02
-2.63257900E-02
4.80232416E-03
4.80232416E-03
2.93013252E-02
2.93013252E-02
4.68251784E-02
4.68251784E-02
5.65880734E-02
5.65880734E-02
6.05686035E-02
6.05686035E-02
6.30513761E-02
6.30513761E-02
6.39699286E-02
6.39699286E-02
5.90149847E-02
5.90149847E-02
4.75216106E-02
4.75216106E-02
3.44543323E-02
3.44543323E-02
2.37906218E-02
2.37906218E-02
1.69269113E-02
1.69269113E-02
1.34376147E-02
1.34376147E-02
1.15463812E-02
1.15463812E-02
1.00509276E-02
1.00509276E-02
8.89402650E-03
8.89402650E-03
8.26654434E-03
8.26654434E-03
8.12474006E-03
8.12474006E-03
8.29227319E-03
8.29227319E-03
8.30890928E-03
8.30890928E-03
7.57644241E-03
7.57644241E-03
5.88054027E-03
5.88054027E-03
3.41690112E-03
3.41690112E-03
5.60827727E-04
5.60827727E-04
-2.18259939E-03
-2.18259939E-03
-4.23634047E-03
-4.23634047E-03
-5.10034659E-03
-5.10034659E-03
-4.40669725E-03
-4.40669725E-03
-2.35840979E-03
-2.35840979E-03
4.38654434E-04
4.38654434E-04
3.62501529E-03
3.62501529E-03
6.95891947E-03
6.95891947E-03
1.02594292E-02
1.02594292E-02
1.34271152E-02
1.34271152E-02
1.63237513E-02
1.63237513E-02
1.89583078E-02
1.89583078E-02
2.12930683E-02
2.12930683E-02
2.32945973E-02
2.32945973E-02
2.50282365E-02
2.50282365E-02
2.64937819E-02
2.64937819E-02
2.77096840E-02
2.77096840E-02
2.87071356E-02
2.87071356E-02
2.91552497E-02
2.91552497E-02
)
