202
(
7.66676860E-02
7.66676860E-02
7.58339450E-02
7.58339450E-02
7.36876656E-02
7.36876656E-02
7.08637105E-02
7.08637105E-02
6.77680938E-02
6.77680938E-02
6.44455657E-02
6.44455657E-02
6.07502548E-02
6.07502548E-02
5.65488277E-02
5.65488277E-02
5.17711519E-02
5.17711519E-02
4.63863405E-02
4.63863405E-02
4.04398573E-02
4.04398573E-02
3.40605505E-02
3.40605505E-02
2.73788991E-02
2.73788991E-02
2.05177370E-02
2.05177370E-02
1.35847095E-02
1.35847095E-02
6.78053007E-03
6.78053007E-03
2.68766565E-04
2.68766565E-04
-5.83512742E-03
-5.83512742E-03
-1.13853211E-02
-1.13853211E-02
-1.63295617E-02
-1.63295617E-02
-2.05551478E-02
-2.05551478E-02
-2.40186544E-02
-2.40186544E-02
-2.67225280E-02
-2.67225280E-02
-2.86835882E-02
-2.86835882E-02
-3.00203874E-02
-3.00203874E-02
-3.07916412E-02
-3.07916412E-02
-3.11236493E-02
-3.11236493E-02
-3.11161060E-02
-3.11161060E-02
-3.08335372E-02
-3.08335372E-02
-3.03377166E-02
-3.03377166E-02
-2.96672783E-02
-2.96672783E-02
-2.88336391E-02
-2.88336391E-02
-2.78434251E-02
-2.78434251E-02
-2.67975535E-02
-2.67975535E-02
-2.56817533E-02
-2.56817533E-02
-2.43921509E-02
-2.43921509E-02
-2.30949032E-02
-2.30949032E-02
-2.20995923E-02
-2.20995923E-02
-2.15422018E-02
-2.15422018E-02
-2.13431193E-02
-2.13431193E-02
-2.13435270E-02
-2.13435270E-02
-2.14253823E-02
-2.14253823E-02
-2.15049949E-02
-2.15049949E-02
-2.15771662E-02
-2.15771662E-02
-2.16848114E-02
-2.16848114E-02
-2.18201835E-02
-2.18201835E-02
-2.19108053E-02
-2.19108053E-02
-2.20715596E-02
-2.20715596E-02
-2.29456677E-02
-2.29456677E-02
-2.55753313E-02
-2.55753313E-02
-3.12155963E-02
-3.12155963E-02
-3.94787971E-02
-3.94787971E-02
-4.80390418E-02
-4.80390418E-02
-5.26714577E-02
-5.26714577E-02
-5.15029562E-02
-5.15029562E-02
-4.88916412E-02
-4.88916412E-02
-4.77272171E-02
-4.77272171E-02
-4.71027523E-02
-4.71027523E-02
-4.67609582E-02
-4.67609582E-02
-4.69629969E-02
-4.69629969E-02
-4.80122324E-02
-4.80122324E-02
-5.08610601E-02
-5.08610601E-02
-5.89619776E-02
-5.89619776E-02
-7.89083588E-02
-7.89083588E-02
-1.06974516E-01
-1.06974516E-01
-1.28673802E-01
-1.28673802E-01
-1.37867482E-01
-1.37867482E-01
-1.35225280E-01
-1.35225280E-01
-1.20472987E-01
-1.20472987E-01
-9.40751274E-02
-9.40751274E-02
-5.94303772E-02
-5.94303772E-02
-2.00769623E-02
-2.00769623E-02
1.97203874E-02
1.97203874E-02
5.67746177E-02
5.67746177E-02
9.00063201E-02
9.00063201E-02
1.18402650E-01
1.18402650E-01
1.41439348E-01
1.41439348E-01
1.58781855E-01
1.58781855E-01
1.71029562E-01
1.71029562E-01
1.78323140E-01
1.78323140E-01
1.81717635E-01
1.81717635E-01
1.82224261E-01
1.82224261E-01
1.80083588E-01
1.80083588E-01
1.76061162E-01
1.76061162E-01
1.71055046E-01
1.71055046E-01
1.65365953E-01
1.65365953E-01
1.59156983E-01
1.59156983E-01
1.52594292E-01
1.52594292E-01
1.45814475E-01
1.45814475E-01
1.38888889E-01
1.38888889E-01
1.31898063E-01
1.31898063E-01
1.24906218E-01
1.24906218E-01
1.17972477E-01
1.17972477E-01
1.11190622E-01
1.11190622E-01
1.04675841E-01
1.04675841E-01
9.83949032E-02
9.83949032E-02
9.24251784E-02
9.24251784E-02
8.71942915E-02
8.71942915E-02
8.29923547E-02
8.29923547E-02
7.97868502E-02
7.97868502E-02
7.84146789E-02
7.84146789E-02
)
