201
(
5.32675841E-02
5.32356779E-02
5.32356779E-02
5.30932722E-02
5.30932722E-02
5.27276249E-02
5.27276249E-02
5.20671764E-02
5.20671764E-02
5.10839959E-02
5.10839959E-02
4.97371050E-02
4.97371050E-02
4.80125382E-02
4.80125382E-02
4.58926606E-02
4.58926606E-02
4.33561672E-02
4.33561672E-02
4.03931702E-02
4.03931702E-02
3.69855250E-02
3.69855250E-02
3.31437309E-02
3.31437309E-02
2.88667686E-02
2.88667686E-02
2.41749235E-02
2.41749235E-02
1.90968400E-02
1.90968400E-02
1.36799185E-02
1.36799185E-02
7.99125382E-03
7.99125382E-03
2.07807339E-03
2.07807339E-03
-4.16695209E-03
-4.16695209E-03
-1.07297655E-02
-1.07297655E-02
-1.74450561E-02
-1.74450561E-02
-2.40329256E-02
-2.40329256E-02
-3.03719674E-02
-3.03719674E-02
-3.60758410E-02
-3.60758410E-02
-4.10242610E-02
-4.10242610E-02
-4.52122324E-02
-4.52122324E-02
-4.84805301E-02
-4.84805301E-02
-5.05653415E-02
-5.05653415E-02
-5.15762487E-02
-5.15762487E-02
-5.20312946E-02
-5.20312946E-02
-5.25371050E-02
-5.25371050E-02
-5.33606524E-02
-5.33606524E-02
-5.27333333E-02
-5.27333333E-02
-4.98122324E-02
-4.98122324E-02
-4.63713558E-02
-4.63713558E-02
-4.38718654E-02
-4.38718654E-02
-4.22244648E-02
-4.22244648E-02
-4.11084608E-02
-4.11084608E-02
-4.00565749E-02
-4.00565749E-02
-3.84525994E-02
-3.84525994E-02
-3.68205912E-02
-3.68205912E-02
-3.73502548E-02
-3.73502548E-02
-3.91810398E-02
-3.91810398E-02
-3.77008155E-02
-3.77008155E-02
-3.41764526E-02
-3.41764526E-02
-3.61082569E-02
-3.61082569E-02
-4.33851172E-02
-4.33851172E-02
-5.59934760E-02
-5.59934760E-02
-7.93905199E-02
-7.93905199E-02
-9.67608563E-02
-9.67608563E-02
-8.95934760E-02
-8.95934760E-02
-6.47026504E-02
-6.47026504E-02
-3.44082569E-02
-3.44082569E-02
-7.25115189E-03
-7.25115189E-03
1.32916412E-02
1.32916412E-02
2.82086646E-02
2.82086646E-02
3.95675841E-02
3.95675841E-02
4.79784913E-02
4.79784913E-02
5.28274210E-02
5.28274210E-02
5.44285423E-02
5.44285423E-02
5.31895005E-02
5.31895005E-02
4.83836901E-02
4.83836901E-02
4.09804281E-02
4.09804281E-02
3.40750255E-02
3.40750255E-02
2.94409786E-02
2.94409786E-02
2.69837920E-02
2.69837920E-02
2.59233435E-02
2.59233435E-02
2.52524975E-02
2.52524975E-02
2.41325178E-02
2.41325178E-02
2.17429154E-02
2.17429154E-02
1.76810398E-02
1.76810398E-02
1.23602446E-02
1.23602446E-02
6.94147808E-03
6.94147808E-03
3.16775739E-03
3.16775739E-03
2.26245668E-03
2.26245668E-03
3.83860347E-03
3.83860347E-03
7.03123344E-03
7.03123344E-03
1.13118247E-02
1.13118247E-02
1.60542304E-02
1.60542304E-02
2.08204893E-02
2.08204893E-02
2.54190622E-02
2.54190622E-02
2.97457696E-02
2.97457696E-02
3.37805301E-02
3.37805301E-02
3.74675841E-02
3.74675841E-02
4.06810398E-02
4.06810398E-02
4.34844037E-02
4.34844037E-02
4.59237513E-02
4.59237513E-02
4.79971458E-02
4.79971458E-02
4.97742100E-02
4.97742100E-02
5.12620795E-02
5.12620795E-02
5.24572885E-02
5.24572885E-02
5.33566769E-02
5.33566769E-02
5.39750255E-02
5.39750255E-02
5.43423038E-02
5.43423038E-02
5.44726809E-02
5.44726809E-02
5.44164118E-02
5.44164118E-02
5.42096840E-02
5.42096840E-02
5.38768603E-02
5.38768603E-02
5.35218145E-02
5.35218145E-02
5.33537207E-02
5.33537207E-02
)
