202
(
1.44338430E-03
1.44338430E-03
8.90439348E-04
8.90439348E-04
-2.13647299E-04
-2.13647299E-04
-1.31194699E-03
-1.31194699E-03
-2.42447503E-03
-2.42447503E-03
-3.72223242E-03
-3.72223242E-03
-5.32867482E-03
-5.32867482E-03
-6.79806320E-03
-6.79806320E-03
-7.32639144E-03
-7.32639144E-03
-6.63085627E-03
-6.63085627E-03
-5.13353721E-03
-5.13353721E-03
-3.42773700E-03
-3.42773700E-03
-1.78587156E-03
-1.78587156E-03
-3.31171254E-04
-3.31171254E-04
8.20729867E-04
8.20729867E-04
1.64846075E-03
1.64846075E-03
2.10723751E-03
2.10723751E-03
2.17955148E-03
2.17955148E-03
1.83484200E-03
1.83484200E-03
1.06772681E-03
1.06772681E-03
-1.03331295E-04
-1.03331295E-04
-1.66474006E-03
-1.66474006E-03
-3.56559633E-03
-3.56559633E-03
-5.77081549E-03
-5.77081549E-03
-8.24051988E-03
-8.24051988E-03
-1.09409786E-02
-1.09409786E-02
-1.37318043E-02
-1.37318043E-02
-1.64539246E-02
-1.64539246E-02
-1.87717635E-02
-1.87717635E-02
-2.04626911E-02
-2.04626911E-02
-2.16376147E-02
-2.16376147E-02
-2.23395515E-02
-2.23395515E-02
-2.23810398E-02
-2.23810398E-02
-2.20960245E-02
-2.20960245E-02
-2.18214067E-02
-2.18214067E-02
-2.04427115E-02
-2.04427115E-02
-1.76928644E-02
-1.76928644E-02
-1.51509684E-02
-1.51509684E-02
-1.33702345E-02
-1.33702345E-02
-1.19622834E-02
-1.19622834E-02
-1.09722732E-02
-1.09722732E-02
-1.03498471E-02
-1.03498471E-02
-9.91205912E-03
-9.91205912E-03
-9.48341488E-03
-9.48341488E-03
-9.00476045E-03
-9.00476045E-03
-8.71707441E-03
-8.71707441E-03
-8.82709480E-03
-8.82709480E-03
-9.15719674E-03
-9.15719674E-03
-9.76006116E-03
-9.76006116E-03
-1.15445464E-02
-1.15445464E-02
-1.40930683E-02
-1.40930683E-02
-1.13719674E-02
-1.13719674E-02
1.26903160E-03
1.26903160E-03
1.59242610E-02
1.59242610E-02
2.06366972E-02
2.06366972E-02
1.75312946E-02
1.75312946E-02
1.50316004E-02
1.50316004E-02
1.18375127E-02
1.18375127E-02
-1.27208970E-03
-1.27208970E-03
-3.32374108E-02
-3.32374108E-02
-7.49539246E-02
-7.49539246E-02
-1.02529052E-01
-1.02529052E-01
-1.04632008E-01
-1.04632008E-01
-8.61211009E-02
-8.61211009E-02
-5.51287462E-02
-5.51287462E-02
-1.86697248E-02
-1.86697248E-02
1.73010194E-02
1.73010194E-02
4.93435270E-02
4.93435270E-02
7.70033639E-02
7.70033639E-02
9.96317023E-02
9.96317023E-02
1.16454638E-01
1.16454638E-01
1.28556575E-01
1.28556575E-01
1.37054027E-01
1.37054027E-01
1.42597350E-01
1.42597350E-01
1.45915392E-01
1.45915392E-01
1.47347604E-01
1.47347604E-01
1.46773700E-01
1.46773700E-01
1.43839959E-01
1.43839959E-01
1.38330275E-01
1.38330275E-01
1.30275229E-01
1.30275229E-01
1.20084608E-01
1.20084608E-01
1.08274210E-01
1.08274210E-01
9.53602446E-02
9.53602446E-02
8.23493374E-02
8.23493374E-02
7.03047910E-02
7.03047910E-02
5.98414883E-02
5.98414883E-02
5.13212029E-02
5.13212029E-02
4.44570846E-02
4.44570846E-02
3.85581040E-02
3.85581040E-02
3.33059123E-02
3.33059123E-02
2.86339450E-02
2.86339450E-02
2.44558614E-02
2.44558614E-02
2.06602446E-02
2.06602446E-02
1.71964322E-02
1.71964322E-02
1.40574924E-02
1.40574924E-02
1.12554536E-02
1.12554536E-02
8.80576962E-03
8.80576962E-03
6.70042813E-03
6.70042813E-03
4.90731906E-03
4.90731906E-03
3.37095821E-03
3.37095821E-03
2.65873598E-03
2.65873598E-03
)
