/*--------------------------------*- C++ -*----------------------------------*\
  =========                 |
  \\      /  F ield         | OpenFOAM: The Open Source CFD Toolbox
   \\    /   O peration     | Website:  https://openfoam.org
    \\  /    A nd           | Version:  7
     \\/     M anipulation  |
\*---------------------------------------------------------------------------*/
FoamFile
{
    version     2.0;
    format      ascii;
    class       volScalarField;
    location    "1123200.0";
    object      Cs;
}
// * * * * * * * * * * * * * * * * * * * * * * * * * * * * * * * * * * * * * //

dimensions      [1 -3 0 0 0 0 0];

internalField   nonuniform List<scalar> 
5346
(
0.141197
0.101135
0.0710736
0.048389
0.0315106
0.0193892
0.011125
0.00586011
0.00277839
0.00115289
0.000399286
0.000103626
1.24802e-05
-5.0809e-06
-3.97946e-06
-1.39228e-06
-2.42652e-07
2.21598e-08
2.79019e-08
7.98829e-09
6.05121e-10
-3.3684e-10
-1.26713e-10
-1.26958e-11
3.62926e-12
1.36866e-12
1.02864e-13
-3.85107e-14
-1.03344e-14
-1.77743e-16
3.25972e-16
4.83117e-17
-3.89388e-18
-1.80179e-18
-8.59819e-20
3.68174e-20
5.41619e-21
-3.65516e-22
-1.45267e-22
-3.4832e-24
2.56977e-24
2.34927e-25
-3.07026e-26
-5.77194e-27
1.77319e-28
9.89201e-29
2.239e-30
-1.31499e-30
-8.87238e-32
1.38062e-32
1.68641e-33
-1.08513e-34
-2.40302e-35
4.54573e-37
2.83058e-37
3.47533e-39
-2.87726e-39
-1.11762e-40
2.56229e-41
1.6737e-42
-2.0075e-43
-1.90943e-44
1.38279e-45
1.86604e-46
-8.23291e-48
-1.61193e-48
4.07183e-50
1.2663e-50
-1.44845e-52
-9.12008e-53
9.89484e-56
6.01169e-55
4.0207e-57
-3.66991e-57
-4.64957e-59
2.07011e-59
3.34134e-61
-1.07917e-61
-1.94886e-63
5.22202e-64
9.33997e-66
-2.3215e-66
-3.81454e-68
9.22024e-69
1.2676e-70
-3.24763e-71
-2.94898e-73
9.82631e-74
4.09851e-76
-2.50649e-76
3.81194e-79
5.22469e-79
-4.04601e-81
-7.95902e-82
1.02727e-83
7.64334e-85
-1.27509e-86
-3.19049e-88
4.92535e-90
0.142097
0.102409
0.0720072
0.0488491
0.0316636
0.0194246
0.0111515
0.00590796
0.00283658
0.00120316
0.000432441
0.00012063
1.9057e-05
-3.41824e-06
-3.91452e-06
-1.56902e-06
-3.3737e-07
-1.73168e-09
2.72811e-08
9.88488e-09
1.30804e-09
-2.58525e-10
-1.52883e-10
-2.46024e-11
2.294e-12
1.72169e-12
2.42278e-13
-2.8885e-14
-1.47369e-14
-1.27015e-15
3.31179e-16
8.75708e-17
9.02965e-19
-2.4542e-18
-2.9691e-19
3.32069e-20
1.05189e-20
1.75688e-22
-2.17924e-22
-2.10001e-23
2.79887e-24
5.97061e-25
-1.16923e-26
-1.11202e-26
-4.53612e-28
1.52749e-28
1.48768e-29
-1.51511e-30
-2.80513e-31
8.31069e-33
4.01952e-33
5.2203e-35
-4.70135e-35
-2.25325e-36
4.60362e-37
3.91423e-38
-3.73092e-39
-5.04431e-40
2.38396e-41
5.43209e-42
-9.6127e-44
-5.11896e-44
-2.05696e-46
4.29262e-46
9.28909e-48
-3.24461e-48
-1.21365e-49
2.22766e-50
1.1586e-51
-1.40798e-52
-9.39514e-54
8.17999e-55
6.58463e-56
-4.40006e-57
-4.11887e-58
2.21239e-59
2.34016e-60
-1.03316e-61
-1.18869e-62
4.52172e-64
5.45702e-65
-1.85762e-66
-2.20927e-67
7.17496e-69
7.89254e-70
-2.54898e-71
-2.47717e-72
8.00407e-74
6.32789e-75
-2.17735e-76
-1.28349e-77
4.92569e-79
1.98627e-80
-8.57943e-82
-1.93376e-83
1.01403e-84
9.15961e-87
-5.43494e-88
-2.93902e-91
0.142461
0.102969
0.0725933
0.0492395
0.0318178
0.0194292
0.0111093
0.00587831
0.00283304
0.00121546
0.000447281
0.000131012
2.41576e-05
-1.69303e-06
-3.62146e-06
-1.63885e-06
-4.08505e-07
-2.67824e-08
2.39541e-08
1.09377e-08
1.96509e-09
-1.28688e-10
-1.62052e-10
-3.58082e-11
5.57672e-14
1.84929e-12
3.88407e-13
-6.64098e-15
-1.74404e-14
-2.6729e-15
2.22883e-16
1.24477e-16
9.58853e-18
-2.59327e-18
-5.807e-19
6.82247e-21
1.56463e-20
1.33821e-21
-2.41323e-22
-4.99096e-23
1.0767e-24
1.07673e-24
5.54831e-26
-1.58922e-26
-1.96039e-27
1.48626e-28
3.96264e-29
-1.86626e-31
-5.93186e-31
-2.53456e-32
6.94956e-33
6.2459e-34
-6.28647e-35
-9.98401e-36
3.84045e-37
1.25965e-37
-2.13291e-40
-1.3439e-39
-3.56998e-41
1.23775e-41
6.53552e-43
-9.9209e-44
-8.03604e-45
6.91287e-46
8.07528e-47
-4.13617e-48
-6.97601e-49
2.04456e-50
5.35213e-51
-7.41482e-53
-3.70144e-53
9.06965e-56
2.34206e-55
1.42931e-57
-1.34848e-57
-1.63455e-59
7.07775e-60
1.16381e-61
-3.43825e-62
-6.29854e-64
1.50861e-64
2.84392e-66
-5.96214e-67
-1.00055e-68
2.13358e-69
2.73887e-71
-6.69277e-72
-5.45608e-74
1.76816e-74
5.19255e-77
-3.83484e-77
9.88266e-80
6.42119e-80
-5.49949e-82
-7.49258e-83
1.04272e-84
4.88349e-86
-8.09223e-88
-8.67571e-90
0.142373
0.102613
0.0722823
0.049012
0.0316207
0.01924
0.0109458
0.00576286
0.00276955
0.0011907
0.000443014
0.000133588
2.69994e-05
-2.29172e-07
-3.17303e-06
-1.59478e-06
-4.42595e-07
-4.74745e-08
1.8799e-08
1.0928e-08
2.41639e-09
1.94375e-11
-1.51463e-10
-4.31775e-11
-2.50433e-12
1.68807e-12
4.95642e-13
2.31906e-14
-1.70738e-14
-3.95125e-15
3.65752e-18
1.42319e-16
2.01406e-17
-1.85639e-18
-8.36493e-19
-4.44931e-20
1.76833e-20
2.94511e-21
-1.45819e-22
-8.10182e-23
-3.70092e-24
1.39919e-24
1.80019e-25
-1.3856e-26
-4.22928e-27
-2.81129e-29
6.92929e-29
4.42496e-30
-8.31189e-31
-1.08436e-31
6.59107e-33
1.79712e-33
-8.74772e-36
-2.33417e-35
-8.08339e-37
2.47466e-37
1.79627e-38
-2.14222e-39
-2.58531e-40
1.4464e-41
2.98201e-42
-6.12756e-44
-2.93187e-44
-1.28664e-46
2.50982e-46
6.15162e-48
-1.91858e-48
-8.14862e-50
1.32078e-50
7.8564e-52
-8.1903e-53
-6.30094e-54
4.60045e-55
4.38798e-56
-2.37601e-57
-2.70007e-58
1.1312e-59
1.48057e-60
-4.99672e-62
-7.31083e-63
2.08018e-64
3.19119e-65
-8.22709e-67
-1.23338e-67
3.05959e-69
4.13913e-70
-1.0552e-71
-1.18025e-72
3.24802e-74
2.75208e-75
-8.50147e-77
-4.96532e-78
1.76292e-79
6.53051e-81
-2.55806e-82
-5.39469e-84
2.20912e-85
1.66707e-87
-5.07878e-89
0.141765
0.101344
0.0709713
0.0479438
0.030841
0.0186981
0.0105828
0.00553518
0.00264205
0.00113029
0.000420686
0.000128427
2.73002e-05
7.50781e-07
-2.6589e-06
-1.45243e-06
-4.34906e-07
-5.95231e-08
1.31393e-08
9.92986e-09
2.55959e-09
1.44945e-10
-1.25235e-10
-4.47637e-11
-4.60054e-12
1.29646e-12
5.29676e-13
5.06837e-14
-1.3658e-14
-4.63754e-15
-2.55255e-16
1.31645e-16
2.86128e-17
-3.62578e-19
-9.43494e-19
-1.05007e-19
1.44286e-20
4.36498e-21
7.87652e-23
-9.78836e-23
-1.0681e-23
1.23325e-24
3.23689e-25
6.10285e-29
-6.20554e-27
-4.27871e-28
8.15718e-29
1.2301e-29
-6.03655e-31
-2.26145e-31
-2.93371e-33
3.12607e-33
1.90725e-34
-3.32647e-35
-3.9011e-36
2.54677e-37
5.68621e-38
-8.59763e-40
-6.70159e-40
-1.2956e-41
6.58712e-42
3.26414e-43
-5.51099e-44
-4.51439e-45
3.8895e-46
4.85732e-47
-2.225e-48
-4.41061e-49
9.12818e-51
3.49789e-51
-9.68977e-54
-2.4781e-53
-2.77332e-55
1.5707e-55
3.48551e-57
-9.03381e-58
-2.79542e-59
4.6795e-60
1.76311e-61
-2.20834e-62
-9.28057e-64
9.46294e-65
4.21403e-66
-3.67833e-67
-1.5753e-68
1.29046e-69
5.11071e-71
-3.90802e-72
-1.31199e-73
1.00889e-74
2.71719e-76
-2.09676e-77
-3.70192e-79
3.39246e-80
2.99206e-82
-3.61864e-83
-4.06587e-86
1.77795e-86
-5.37961e-89
0.140542
0.0990645
0.0686086
0.045965
0.0293814
0.0177121
0.00996096
0.00516894
0.00244417
0.00103545
0.000382371
0.000116573
2.52869e-05
1.18829e-06
-2.15186e-06
-1.24185e-06
-3.90278e-07
-6.13535e-08
8.19828e-09
8.25169e-09
2.38622e-09
2.17261e-10
-9.19392e-11
-4.06094e-11
-5.63272e-12
8.19228e-13
4.85086e-13
6.64714e-14
-8.63234e-15
-4.51133e-15
-4.52599e-16
9.75972e-17
3.15963e-17
1.2697e-18
-8.51213e-19
-1.48568e-19
6.88782e-21
4.90999e-21
3.4534e-22
-8.85883e-23
-1.67805e-23
5.1182e-25
4.11999e-25
2.27546e-26
-6.52611e-27
-9.15749e-28
5.68426e-29
2.00346e-29
2.93242e-31
-3.10692e-31
-2.23463e-32
3.50322e-33
5.09617e-34
-2.42461e-35
-8.07167e-36
-4.44522e-38
1.003e-37
4.62168e-39
-1.00132e-39
-8.94212e-41
7.84903e-42
1.2013e-42
-4.24248e-44
-1.30942e-44
3.5311e-47
1.21231e-46
2.73753e-48
-9.70738e-49
-4.38269e-50
6.74035e-51
4.61096e-52
-4.0869e-53
-3.92731e-54
2.15343e-55
2.83569e-56
-9.67082e-58
-1.79435e-58
3.56979e-60
1.00351e-60
-9.88731e-63
-4.90763e-63
1.54359e-65
2.11675e-65
1.80574e-68
-8.09879e-68
-1.98031e-70
2.67603e-70
5.57427e-73
-7.58073e-73
-2.86356e-76
1.73156e-75
-4.56005e-78
-3.16912e-78
1.99384e-80
4.10526e-81
-3.75177e-83
-3.03429e-84
3.03802e-86
7.58816e-88
0.1386
0.0956165
0.0650997
0.0430364
0.0272184
0.016258
0.00906059
0.00465433
0.00217491
0.000909039
0.000331007
9.97073e-05
2.15686e-05
1.18035e-06
-1.68954e-06
-9.96974e-07
-3.20651e-07
-5.44203e-08
4.64394e-09
6.29433e-09
1.97657e-09
2.2853e-10
-6.02614e-11
-3.25214e-11
-5.4622e-12
4.04284e-13
3.85263e-13
6.6858e-14
-3.9025e-15
-3.71125e-15
-5.21136e-16
5.59679e-17
2.84285e-17
2.34165e-18
-6.16567e-19
-1.57081e-19
-1.22811e-21
4.36904e-21
5.24946e-22
-5.84212e-23
-1.89542e-23
-4.12753e-25
3.95256e-25
4.29178e-26
-4.79813e-27
-1.23406e-27
1.74102e-30
2.29921e-29
1.50415e-30
-2.99008e-31
-4.30788e-32
2.25844e-33
7.84297e-34
8.11076e-36
-1.07732e-35
-6.31402e-37
1.13599e-37
1.30812e-38
-8.52038e-40
-1.89325e-40
2.5695e-42
2.1921e-42
4.83859e-44
-2.10002e-44
-1.12927e-45
1.675e-46
1.50872e-47
-1.09094e-48
-1.56278e-49
5.33828e-51
1.36208e-51
-1.23895e-53
-1.01463e-53
-9.64815e-56
6.64714e-56
1.63761e-57
-3.82807e-58
-1.45453e-59
1.95978e-60
9.80163e-62
-8.88952e-63
-5.39377e-64
3.6033e-65
2.48594e-66
-1.29651e-67
-9.76844e-69
4.0938e-70
3.22704e-71
-1.13425e-72
-8.5285e-74
2.6899e-75
1.77283e-76
-5.2296e-78
-2.67014e-79
7.58736e-81
2.51235e-82
-6.69273e-84
-9.57154e-86
2.17532e-87
0.135411
0.0904337
0.0601982
0.039114
0.0243778
0.0143691
0.00790532
0.00400637
0.00184424
0.000757841
0.000270769
7.99274e-05
1.69454e-05
9.13555e-07
-1.27974e-06
-7.48158e-07
-2.40801e-07
-4.22602e-08
2.49453e-09
4.40782e-09
1.45837e-09
1.9307e-10
-3.55467e-11
-2.30579e-11
-4.40856e-12
1.32469e-13
2.66711e-13
5.49484e-14
-7.40926e-16
-2.60538e-15
-4.62472e-16
2.21271e-17
2.12637e-17
2.53995e-18
-3.53647e-19
-1.32054e-19
-6.34737e-21
3.12493e-21
5.45539e-22
-2.39674e-23
-1.66107e-23
-1.05852e-24
2.93129e-25
5.03073e-26
-2.08899e-27
-1.22212e-27
-5.24643e-29
1.97399e-29
2.35932e-30
-1.94312e-31
-5.30486e-32
-2.23463e-35
8.47473e-34
4.77433e-35
-1.00419e-35
-1.19581e-36
8.04497e-38
1.97132e-38
-1.54285e-40
-2.51165e-40
-8.39998e-42
2.5827e-42
1.89468e-43
-2.10598e-44
-2.67309e-45
1.24683e-46
2.9538e-47
-3.01078e-49
-2.7186e-49
-4.46638e-51
2.13301e-51
8.51096e-53
-1.43885e-53
-9.05962e-55
8.29662e-56
7.54446e-57
-4.02891e-58
-5.16305e-59
1.60023e-60
3.01871e-61
-4.81103e-63
-1.53809e-63
8.07512e-66
6.73816e-66
1.53334e-68
-2.51803e-68
-1.84662e-70
8.06074e-71
8.21304e-73
-2.14714e-73
-2.21402e-75
4.59485e-76
3.86674e-78
-7.6571e-79
-3.70823e-81
8.42825e-82
9.54205e-85
-4.87971e-85
1.00832e-87
0.130406
0.08303
0.0537374
0.0342202
0.0209454
0.0121308
0.00655847
0.00326504
0.00147475
0.000593533
0.00020719
5.95638e-05
1.22207e-05
5.78111e-07
-9.19303e-07
-5.19625e-07
-1.64329e-07
-2.8877e-08
1.35726e-09
2.8188e-09
9.55473e-10
1.36269e-10
-1.90359e-11
-1.44355e-11
-3.01118e-12
3.17812e-15
1.60859e-13
3.77029e-14
6.6208e-16
-1.56339e-15
-3.32137e-16
2.85159e-18
1.33131e-17
2.04844e-18
-1.53489e-19
-9.03831e-20
-7.38785e-21
1.79855e-21
4.33081e-22
-1.80883e-25
-1.15457e-23
-1.19052e-24
1.65563e-25
4.33904e-26
1.22813e-28
-9.29728e-28
-7.75194e-29
1.26678e-29
2.42221e-30
-6.54422e-32
-4.76073e-32
-1.91809e-33
6.73615e-34
7.02302e-35
-6.496e-36
-1.39523e-36
2.1917e-38
2.04263e-38
6.65868e-40
-2.34286e-40
-1.84072e-41
2.05973e-42
2.93907e-43
-1.20604e-44
-3.61354e-45
1.92966e-48
3.62974e-47
1.09816e-48
-3.04135e-49
-1.8239e-50
2.11499e-51
2.01753e-52
-1.19251e-53
-1.79249e-54
4.88491e-56
1.32628e-56
-8.17351e-59
-8.4786e-59
-8.28e-61
4.66939e-61
1.06137e-62
-2.24536e-63
-7.54091e-65
9.37873e-66
3.92094e-67
-3.38245e-68
-1.62152e-69
1.02754e-70
5.34232e-72
-2.67126e-73
-1.40888e-74
5.63667e-76
2.73636e-77
-9.22948e-79
-3.7202e-80
1.06389e-81
2.98742e-83
-6.5749e-85
-8.10876e-87
0.12309
0.0734392
0.0458506
0.0285172
0.0170805
0.00967648
0.00511595
0.00248989
0.00109863
0.000431324
0.000146547
4.08503e-05
8.04902e-06
3.05208e-07
-6.10096e-07
-3.28917e-07
-1.00867e-07
-1.73319e-08
7.702e-10
1.62539e-09
5.50883e-10
8.12347e-11
-9.2859e-12
-7.90506e-12
-1.74233e-12
-3.23639e-14
8.38465e-14
2.16641e-14
8.70895e-16
-7.96677e-16
-1.95676e-16
-3.92416e-18
6.95184e-18
1.30089e-18
-4.32569e-20
-5.05971e-20
-5.67873e-21
8.20317e-22
2.7191e-22
8.93302e-24
-6.42453e-24
-9.22648e-25
6.79097e-26
2.89192e-26
1.08272e-27
-5.51765e-28
-6.95037e-29
5.89426e-30
1.83691e-30
2.01262e-32
-3.2598e-32
-2.5231e-33
4.01283e-34
6.6254e-35
-2.56922e-36
-1.16786e-36
-2.39102e-38
1.5596e-38
1.09098e-39
-1.58069e-40
-2.12062e-41
1.06055e-42
2.98023e-43
-6.27168e-46
-3.34883e-45
-1.13071e-46
3.08965e-47
2.13396e-48
-2.30899e-49
-2.64882e-50
1.31433e-51
2.61023e-52
-4.21122e-54
-2.14228e-54
-1.57822e-56
1.49984e-56
3.986e-58
-8.97546e-59
-3.96363e-60
4.62204e-61
2.85769e-62
-2.03867e-63
-1.65108e-64
7.64612e-66
7.95036e-67
-2.3947e-68
-3.13631e-69
6.20688e-71
1.00181e-71
-1.33763e-73
-2.59618e-74
2.41904e-76
5.17863e-77
-3.66142e-79
-7.30451e-80
4.61982e-82
6.11688e-83
-3.46502e-85
-1.5812e-86
0.109991
0.0614462
0.0369338
0.02235
0.0130316
0.00718675
0.00369846
0.00175179
0.00075194
0.000286939
9.45924e-05
2.54972e-05
4.81498e-06
1.41722e-07
-3.62248e-07
-1.85819e-07
-5.48488e-08
-9.07495e-09
4.2784e-10
8.26737e-10
2.75027e-10
4.07497e-11
-4.07072e-12
-3.71631e-12
-8.44576e-13
-2.71294e-14
3.70671e-14
1.03103e-14
5.92931e-16
-3.38364e-16
-9.40171e-17
-4.01613e-18
2.97627e-18
6.57898e-19
-1.38055e-21
-2.29164e-20
-3.2558e-21
2.8261e-22
1.35607e-22
8.37169e-24
-2.83052e-24
-5.38226e-25
1.67076e-26
1.50782e-26
1.03581e-27
-2.54106e-28
-4.49127e-29
1.73305e-30
1.06441e-30
4.54077e-32
-1.71418e-32
-2.01452e-33
1.73305e-34
4.54108e-35
-1.42624e-37
-7.34895e-37
-3.82435e-38
8.91683e-39
9.98247e-40
-7.54633e-41
-1.68404e-41
2.29066e-43
2.19636e-43
6.12751e-45
-2.29678e-45
-1.52528e-46
1.91631e-47
2.21755e-48
-1.18883e-49
-2.46668e-50
3.73369e-52
2.26839e-52
2.75463e-54
-1.7595e-54
-6.23612e-56
1.16634e-56
6.76255e-58
-6.54544e-59
-5.48582e-60
3.03351e-61
3.57608e-62
-1.12322e-63
-1.95318e-64
3.04382e-66
8.90123e-67
-4.21489e-69
-3.46442e-69
-9.97897e-72
1.12566e-71
8.57886e-74
-2.93182e-74
-2.82778e-76
5.86222e-77
5.36007e-79
-8.59866e-80
-6.63103e-82
7.26613e-83
2.77781e-85
-2.03854e-86
0.0878443
0.0471998
0.0273489
0.0160709
0.00908846
0.00485932
0.00242362
0.00111219
0.000462423
0.000170926
5.46359e-05
1.43075e-05
2.62012e-06
7.47871e-08
-1.84026e-07
-9.10058e-08
-2.58552e-08
-4.09792e-09
2.05203e-10
3.58357e-10
1.15668e-10
1.69039e-11
-1.53292e-12
-1.44927e-12
-3.33782e-13
-1.40826e-14
1.33635e-14
3.9441e-15
2.84245e-16
-1.14701e-16
-3.58245e-17
-2.25428e-18
1.00084e-18
2.60227e-19
6.4919e-21
-8.10217e-21
-1.41964e-21
6.2841e-23
5.25617e-23
4.76185e-24
-9.43858e-25
-2.3932e-25
-7.45617e-28
6.06501e-27
6.12681e-28
-8.71392e-29
-2.17919e-29
7.74284e-32
4.71395e-31
3.4841e-32
-6.77868e-33
-1.14085e-33
4.80764e-35
2.33461e-35
6.14927e-37
-3.49138e-37
-2.95348e-38
3.78083e-39
6.34193e-40
-2.28003e-41
-9.8084e-42
-1.40644e-43
1.19807e-43
6.72019e-45
-1.16346e-45
-1.20764e-46
8.48371e-48
1.57561e-48
-3.48069e-50
-1.65254e-50
-1.6205e-52
1.44694e-52
5.25232e-54
-1.06544e-54
-6.70888e-56
6.53257e-57
6.26582e-58
-3.25768e-59
-4.66752e-60
1.22646e-61
2.92638e-62
-2.49003e-64
-1.5424e-64
-6.63377e-67
6.98307e-67
9.57388e-69
-2.64286e-69
-5.47059e-71
8.41942e-72
2.09945e-73
-2.17753e-74
-5.69488e-76
4.35484e-77
1.09567e-78
-6.25775e-80
-1.20389e-81
5.58586e-83
7.22942e-85
-1.82037e-86
0.0637804
0.0313792
0.0178976
0.0102551
0.00561649
0.00290517
0.00140004
0.000619965
0.000248441
8.8413e-05
2.71899e-05
6.84331e-06
1.19608e-06
2.74788e-08
-8.00912e-08
-3.75307e-08
-1.01759e-08
-1.5518e-09
7.14294e-11
1.24318e-10
3.88571e-11
5.56223e-12
-4.45054e-13
-4.36479e-13
-1.01019e-13
-5.2565e-15
3.58605e-15
1.12698e-15
9.90577e-17
-2.76964e-17
-1.00388e-17
-8.66772e-19
2.34305e-19
7.5391e-20
4.18103e-21
-2.01895e-21
-4.53494e-22
1.30659e-24
1.47208e-23
1.87998e-24
-2.06312e-25
-7.80972e-26
-2.99148e-27
1.76226e-27
2.53768e-28
-1.92445e-29
-7.79255e-30
-2.34221e-31
1.52651e-31
1.70648e-32
-1.86136e-33
-4.70996e-34
3.26467e-36
8.88506e-36
4.97595e-37
-1.21895e-37
-1.52046e-38
1.10488e-39
2.91375e-40
-1.70873e-42
-4.21834e-42
-1.6995e-43
4.83323e-44
4.19689e-45
-4.24784e-46
-6.58833e-47
2.42415e-48
8.05596e-49
1.41975e-51
-8.0867e-51
-2.57615e-52
6.7348e-53
4.11295e-54
-4.68599e-55
-4.46582e-56
2.59583e-57
3.86432e-58
-1.04985e-59
-2.78407e-60
1.82899e-62
1.69355e-62
1.44694e-64
-8.78203e-65
-1.81743e-66
3.86818e-67
1.17629e-68
-1.43742e-69
-5.47054e-71
4.48106e-72
1.93467e-73
-1.14047e-74
-5.10206e-76
2.31531e-77
9.6668e-79
-3.38676e-80
-1.18345e-81
3.06481e-83
6.28743e-85
-9.80269e-87
0.0404623
0.0165488
0.00993725
0.00554808
0.00294729
0.0014764
0.000686571
0.000292413
0.000112314
3.81646e-05
1.11531e-05
2.64245e-06
4.20195e-07
-1.43879e-09
-3.04594e-08
-1.27549e-08
-3.17773e-09
-4.44672e-10
2.28125e-11
3.25831e-11
9.42314e-12
1.27204e-12
-8.3639e-14
-8.425e-14
-1.93378e-14
-1.35643e-15
5.07456e-16
1.8608e-16
2.27866e-17
-2.67554e-18
-1.55844e-18
-2.2051e-19
1.90506e-20
1.24737e-20
1.51645e-21
-2.13461e-22
-8.97976e-23
-5.99247e-24
2.21593e-24
4.93503e-25
-8.05911e-27
-1.59983e-26
-1.56051e-27
2.84387e-28
7.09843e-29
-6.14849e-31
-1.83727e-30
-1.44096e-31
3.06423e-32
5.64674e-33
-2.38279e-34
-1.34051e-34
-4.39601e-36
2.28962e-36
2.23978e-37
-2.74005e-38
-5.3999e-39
1.57035e-40
9.42259e-41
2.31246e-42
-1.27606e-42
-9.1525e-44
1.34407e-44
1.76797e-45
-9.9364e-47
-2.53893e-47
2.394e-49
2.93357e-49
7.19237e-51
-2.81415e-51
-1.56156e-52
2.22767e-53
2.03671e-54
-1.42332e-55
-2.03516e-56
6.63527e-58
1.67352e-58
-1.37751e-60
-1.17421e-60
-1.16748e-62
7.00813e-63
1.71367e-64
-3.54506e-65
-1.29517e-66
1.5414e-67
7.24145e-69
-5.62905e-70
-3.15384e-71
1.68511e-72
1.07424e-73
-4.22833e-75
-2.79597e-76
8.5698e-78
5.41873e-79
-1.25324e-80
-6.715e-82
1.21161e-83
3.97616e-85
-4.01506e-87
0.0195351
0.00598813
0.00449293
0.00235645
0.00123657
0.000602007
0.000270179
0.000110218
4.02126e-05
1.28517e-05
3.48184e-06
7.41468e-07
9.36241e-08
-8.8849e-09
-9.57988e-09
-3.21515e-09
-6.62474e-10
-7.09956e-11
6.81255e-12
4.71029e-12
9.61203e-13
8.78987e-14
9.17202e-16
8.10963e-16
2.79468e-16
-1.68288e-16
-1.00781e-16
-1.76682e-17
1.70286e-18
1.36672e-18
2.01063e-19
-2.44901e-20
-1.29516e-20
-1.1141e-21
3.27823e-22
8.61441e-23
-2.14709e-25
-2.91014e-24
-3.21315e-25
5.71526e-26
1.53476e-26
-2.56655e-28
-4.57403e-28
-3.08522e-29
9.82148e-30
1.5384e-30
-1.37517e-31
-4.72621e-32
7.20913e-35
1.09381e-33
6.66058e-35
-1.95763e-35
-2.52989e-36
2.4912e-37
6.25495e-38
-1.34457e-39
-1.18809e-39
-3.58338e-41
1.80401e-41
1.40467e-42
-2.15159e-43
-3.00332e-44
1.81925e-45
4.83315e-46
-5.50919e-48
-6.31254e-48
-1.52462e-49
6.84165e-50
3.8657e-51
-6.14885e-52
-5.7501e-53
4.42687e-54
6.56557e-55
-2.3357e-56
-6.19486e-57
5.50533e-59
4.88339e-59
5.57784e-61
-3.32571e-61
-9.4302e-63
1.93915e-63
8.35723e-65
-9.55007e-66
-5.49045e-67
4.05549e-68
2.85553e-69
-1.43787e-70
-1.18732e-71
4.13717e-73
4.01392e-74
-1.00184e-75
-1.03284e-76
1.96149e-78
1.97799e-79
-2.9109e-81
-2.53521e-82
2.92559e-84
1.50617e-85
-9.57114e-88
0.00533574
0.00122785
0.00149346
0.000672687
0.000376564
0.000176689
7.66214e-05
2.95058e-05
9.9452e-06
2.8463e-06
6.52934e-07
1.00264e-07
8.19611e-12
-5.77383e-09
-2.01136e-09
-3.47198e-10
-7.41434e-12
1.04276e-11
1.0361e-12
-1.01931e-12
-4.80897e-13
-7.94716e-14
1.09745e-14
9.07521e-15
1.99957e-15
2.37045e-17
-1.02073e-16
-2.60721e-17
-1.12665e-18
9.33826e-19
2.38266e-19
7.46437e-21
-7.95831e-21
-1.63641e-21
2.1142e-23
5.92919e-23
7.83041e-24
-8.16461e-25
-3.42804e-25
-1.73301e-26
7.67914e-27
1.28741e-27
-6.92139e-29
-3.87045e-29
-1.80912e-30
7.39054e-31
9.88269e-32
-8.4164e-33
-2.62555e-33
-7.07348e-36
4.99445e-35
2.98615e-36
-7.30254e-37
-8.83561e-38
8.06542e-39
1.78136e-39
-5.4299e-41
-2.94617e-41
-2.43642e-43
4.2142e-43
1.63196e-44
-5.3313e-45
-3.7361e-46
6.00455e-47
6.35099e-48
-5.81381e-49
-9.04268e-50
4.68077e-51
1.1146e-51
-2.59058e-53
-1.21806e-53
2.94968e-57
1.16016e-55
2.30897e-57
-9.94355e-58
-3.61486e-59
7.2045e-60
3.91772e-61
-4.59992e-62
-3.35906e-63
2.53921e-64
2.34852e-65
-1.15972e-66
-1.36953e-67
4.52477e-69
6.67872e-70
-1.45357e-71
-2.66687e-72
3.50017e-74
8.77653e-75
-6.93184e-77
-2.29189e-77
1.09231e-79
4.24431e-80
-1.69866e-82
-5.62009e-83
2.20665e-85
3.38715e-86
-2.75903e-89
0.000153734
0.000127155
0.000229162
8.09925e-05
6.29193e-05
2.58046e-05
1.07359e-05
3.40103e-06
8.0575e-07
7.93349e-08
-4.05972e-08
-2.84663e-08
-9.80279e-09
-1.81605e-09
5.79282e-11
1.74755e-10
6.45997e-11
1.11628e-11
-6.74161e-13
-1.06825e-12
-3.3071e-13
-4.15673e-14
6.92447e-15
4.45847e-15
8.89899e-16
9.54837e-18
-4.10833e-17
-1.03662e-17
-5.42487e-19
3.26968e-19
9.00387e-20
4.68856e-21
-2.57772e-21
-6.30462e-22
-1.4094e-23
1.94825e-23
3.42726e-24
-1.34951e-25
-1.24995e-25
-1.20487e-26
2.14946e-27
5.84266e-28
6.38936e-30
-1.44664e-29
-1.59073e-30
1.98081e-31
5.45895e-32
2.07705e-34
-1.15662e-33
-9.38405e-35
1.63393e-35
2.94189e-36
-1.08191e-37
-5.95238e-38
-1.72509e-39
8.91936e-40
7.62638e-41
-9.84891e-42
-1.62976e-42
6.52711e-44
2.53176e-44
2.1681e-46
-3.17019e-46
-1.47817e-47
3.23284e-48
2.81828e-49
-2.64036e-50
-3.77061e-51
1.56377e-52
4.10016e-53
-4.06978e-55
-3.74639e-55
-5.47844e-57
2.98699e-57
9.51972e-59
-2.031e-59
-1.03072e-60
1.22068e-61
8.37029e-63
-6.52453e-64
-5.50846e-65
3.06095e-66
3.09652e-67
-1.25763e-68
-1.4939e-69
4.59875e-71
5.9699e-72
-1.44131e-73
-1.99058e-74
3.80799e-76
5.55054e-77
-1.12516e-78
-1.18919e-79
1.51938e-81
1.71488e-82
-2.72057e-84
-1.50156e-85
1.80509e-87
8.5393e-89
-7.88459e-05
-2.68355e-05
-3.45242e-05
-1.81307e-05
-6.56499e-06
-5.11162e-06
-2.38542e-06
-1.32031e-06
-6.00232e-07
-2.41554e-07
-8.11031e-08
-2.17463e-08
-3.8991e-09
-4.50911e-11
2.80765e-10
1.22871e-10
2.98732e-11
3.32066e-12
-6.7216e-13
-4.37163e-13
-1.05641e-13
-9.1384e-15
2.79944e-15
1.25471e-15
2.07367e-16
-3.68471e-18
-1.00959e-17
-2.26206e-18
-1.00628e-19
6.94314e-20
1.8752e-20
1.15046e-21
-4.83107e-22
-1.33047e-22
-6.35253e-24
3.60445e-24
8.00166e-25
2.11285e-27
-2.55857e-26
-3.5604e-27
3.1571e-28
1.4274e-28
7.56962e-30
-3.06052e-30
-5.16425e-31
2.67312e-32
1.51147e-32
7.11987e-34
-2.82228e-34
-3.84147e-35
3.0308e-36
1.00223e-36
1.02783e-38
-1.82547e-38
-1.34581e-39
2.39631e-40
3.64979e-41
-1.8955e-42
-6.74239e-43
-5.06839e-45
9.54039e-45
5.12197e-46
-1.06508e-46
-1.11165e-47
8.88852e-49
1.67956e-49
-4.18012e-51
-2.00719e-51
-2.1966e-53
1.98886e-53
8.09475e-55
-1.63308e-55
-1.17992e-56
1.11471e-57
1.23086e-58
-5.92566e-60
-1.04366e-60
2.11596e-62
7.46836e-63
-7.08717e-66
-4.52506e-65
-6.07603e-67
2.32715e-67
5.95158e-69
-1.03514e-69
-3.57227e-71
3.8433e-72
1.61268e-73
-1.16992e-74
-5.73282e-76
3.02296e-77
1.4419e-78
-6.14454e-80
-2.93469e-81
9.00335e-83
3.58423e-84
-8.46274e-86
-2.0763e-87
4.21738e-89
0.000101431
-7.92035e-05
7.12295e-06
-1.35895e-05
-6.58284e-06
-4.06537e-06
-1.86787e-06
-8.52323e-07
-3.20949e-07
-1.073e-07
-2.9181e-08
-5.88123e-09
-4.61412e-10
2.34716e-10
1.32367e-10
3.82408e-11
6.44007e-12
1.4396e-13
-2.95461e-13
-1.00258e-13
-1.52005e-14
2.89115e-16
6.97463e-16
1.53762e-16
9.31185e-18
-2.98985e-18
-8.36681e-19
-7.49772e-20
5.05362e-21
2.09864e-21
3.97566e-22
9.38738e-23
9.54442e-24
-4.09818e-24
-1.52095e-24
-7.87554e-26
5.64429e-26
1.17864e-26
-5.91405e-28
-5.11548e-28
-4.03084e-29
1.25396e-29
2.59492e-30
-1.20635e-31
-8.66413e-32
-4.41811e-33
1.92672e-33
2.70992e-34
-2.58768e-35
-8.35288e-36
-9.67523e-39
1.81689e-37
1.21363e-38
-2.89184e-39
-4.101e-40
3.02528e-41
8.9944e-42
-3.96017e-44
-1.5102e-43
-6.74676e-45
1.98796e-45
1.89662e-46
-1.9916e-47
-3.40693e-48
1.25114e-49
4.75352e-50
2.08808e-52
-5.42504e-52
-2.01992e-53
5.14798e-54
3.60231e-55
-3.98248e-56
-4.44784e-57
2.41715e-58
4.38831e-59
-9.66878e-61
-3.57652e-61
-1.2175e-64
2.49951e-63
4.48219e-65
-1.49053e-65
-4.83854e-67
7.49141e-68
3.44793e-69
-3.26403e-70
-1.8694e-71
1.18283e-72
7.98072e-74
-3.48315e-75
-2.74931e-76
8.71663e-78
7.10591e-79
-1.70799e-80
-1.37908e-81
2.49824e-83
1.767e-84
-2.44571e-86
-1.04748e-87
1.03791e-89
0.00124789
-0.000305176
5.3392e-05
-1.08062e-05
-3.30722e-07
-1.19034e-06
-4.79242e-07
-2.17114e-07
-7.21185e-08
-2.07256e-08
-4.05642e-09
-2.59634e-10
2.1594e-10
1.10246e-10
2.99238e-11
4.45604e-12
-1.38915e-13
-2.58109e-13
-6.32198e-14
-2.24277e-15
3.04026e-15
8.53363e-16
2.14238e-17
-4.68456e-17
-1.2887e-17
-4.97668e-19
5.60782e-19
1.50573e-19
6.11029e-21
-5.47011e-21
-1.32069e-21
-2.16557e-23
4.72255e-23
8.59909e-24
-3.23693e-25
-3.38738e-25
-3.69815e-26
5.69627e-27
1.82047e-27
4.87849e-29
-4.50572e-29
-5.95606e-30
5.68225e-31
1.97964e-31
3.58383e-33
-4.1844e-33
-3.91699e-34
6.06711e-35
1.18768e-35
-4.74916e-37
-2.51739e-37
-3.87623e-39
4.32385e-39
2.52113e-40
-6.38818e-41
-6.5277e-42
8.2696e-43
1.33136e-43
-8.94326e-45
-2.35169e-45
6.74405e-47
3.70015e-47
1.40347e-49
-5.17159e-49
-1.70896e-50
6.26361e-51
3.91952e-52
-6.52905e-53
-6.27984e-54
5.65148e-55
8.17657e-56
-3.77556e-57
-8.82496e-58
1.4745e-59
8.29432e-60
3.92553e-62
-6.51078e-62
-1.51669e-63
4.46987e-64
1.77794e-65
-2.63582e-66
-1.45414e-67
1.30331e-68
9.29053e-70
-5.54435e-71
-4.83033e-72
1.97388e-73
2.00998e-74
-5.54436e-76
-6.83778e-77
1.30591e-78
1.81491e-79
-2.41939e-81
-3.42464e-82
3.55843e-84
4.5668e-85
-3.67239e-87
-2.74833e-88
3.0781e-91
0.004842
-0.000483612
6.23595e-05
-8.9596e-06
1.25544e-06
-2.68534e-07
-9.69175e-09
-1.54927e-08
-7.72738e-10
8.69646e-10
8.6104e-10
3.73223e-10
1.12655e-10
1.9042e-11
-4.85817e-13
-1.60566e-12
-5.6875e-13
-9.26353e-14
5.76688e-15
8.26416e-15
2.3423e-15
2.24132e-16
-6.9418e-17
-3.22272e-17
-5.09795e-18
2.98997e-19
3.16804e-19
6.08465e-20
-2.10692e-22
-2.6143e-21
-5.2464e-22
3.17016e-25
1.987e-23
3.49573e-24
-1.12247e-25
-1.36918e-25
-1.71649e-26
1.88372e-27
7.86683e-28
4.60996e-29
-1.68755e-29
-3.2425e-30
8.93245e-32
9.26228e-32
7.06269e-33
-1.53312e-33
-3.00861e-34
8.0649e-36
7.06152e-36
3.86707e-37
-1.11439e-37
-1.51678e-38
1.02665e-39
3.33546e-40
2.80156e-42
-5.30758e-42
-3.3525e-43
6.34491e-44
8.06959e-45
-5.1993e-46
-1.31387e-46
1.18506e-48
1.70247e-48
4.88394e-50
-1.80589e-50
-1.14904e-51
1.57852e-52
1.62265e-53
-1.09953e-54
-1.80923e-55
5.87924e-57
1.67848e-57
-1.41407e-59
-1.38084e-59
-5.96802e-62
9.72838e-62
1.68521e-63
-6.38819e-64
-1.56717e-65
3.86598e-66
1.05631e-67
-2.16394e-68
-6.2698e-70
1.08715e-70
3.2246e-72
-4.99049e-73
-1.33027e-74
1.90348e-75
5.07686e-77
-6.20159e-78
-1.54353e-79
1.80926e-80
3.51912e-82
-3.09703e-83
-5.22207e-85
4.72305e-86
4.21412e-88
-2.98684e-89
-9.45824e-91
0.0109174
-0.000457388
4.21836e-05
-5.15645e-06
8.03848e-07
-8.2756e-08
3.88123e-08
7.59199e-09
4.93458e-09
1.67638e-09
5.57049e-10
1.28274e-10
1.59278e-11
-3.70888e-12
-2.79993e-12
-9.18397e-13
-1.68762e-13
-3.57257e-15
9.1445e-15
3.36451e-15
5.54023e-16
-1.45947e-17
-3.29142e-17
-8.39338e-18
-6.57603e-19
2.14822e-19
8.07144e-20
9.83704e-21
-1.0794e-21
-6.25948e-22
-8.94035e-23
5.49797e-24
4.36584e-24
6.22146e-25
-4.17766e-26
-2.87298e-26
-3.34308e-27
4.22116e-28
1.70344e-28
1.09495e-29
-3.67324e-30
-7.86104e-31
8.97036e-33
2.24596e-32
2.19459e-33
-3.45186e-34
-8.73429e-35
7.63155e-38
1.9883e-36
1.65985e-37
-2.89812e-38
-5.57275e-39
1.66278e-40
1.16897e-40
4.67227e-42
-1.76488e-42
-1.83991e-43
1.82951e-44
3.89247e-45
-7.59009e-47
-6.00474e-47
-1.8226e-48
7.2915e-49
5.50247e-50
-6.82829e-51
-9.31715e-52
4.40112e-53
1.18549e-53
-5.92982e-56
-1.23203e-55
-3.19445e-57
1.05468e-57
5.86225e-59
-7.5709e-60
-6.5845e-61
4.30243e-62
5.8524e-63
-1.85247e-64
-4.2918e-65
4.27357e-67
2.63909e-67
1.49601e-69
-1.37019e-69
-2.49782e-71
6.1686e-72
1.66254e-73
-2.30099e-74
-7.96769e-76
7.12083e-77
2.90088e-78
-1.85343e-79
-7.12201e-81
3.73301e-82
1.50038e-83
-5.50492e-85
-1.7812e-86
5.11806e-88
1.02441e-89
-4.73038e-91
0.00230094
-3.99878e-05
8.03602e-07
3.05443e-08
5.09101e-08
-2.32563e-09
1.23825e-08
2.77991e-09
1.59459e-09
4.17069e-10
1.03752e-10
8.39205e-12
-4.64006e-12
-2.95747e-12
-9.11982e-13
-1.73983e-13
-6.92107e-15
7.6486e-15
2.9682e-15
5.24007e-16
-2.97661e-18
-2.64401e-17
-6.6749e-18
-4.40356e-19
1.84856e-19
5.77972e-20
4.67251e-21
-1.22219e-21
-3.94639e-22
-2.89518e-23
7.60981e-24
2.06159e-24
1.08202e-25
-3.47807e-26
-7.41329e-27
-4.62627e-28
4.52268e-29
2.12918e-29
5.60674e-30
5.63846e-31
-1.63701e-31
-5.62435e-32
-1.99459e-33
1.8082e-33
2.88511e-34
-2.50947e-35
-1.11298e-35
-3.82971e-37
2.58241e-37
3.21324e-38
-3.59337e-39
-1.0119e-39
3.98142e-42
2.13873e-41
1.34595e-42
-3.24797e-43
-4.40739e-44
3.13702e-45
9.18145e-46
-2.66578e-48
-1.43307e-47
-6.58887e-49
1.74753e-49
1.67889e-50
-1.59649e-51
-2.77157e-52
8.83246e-54
3.54972e-54
2.54084e-56
-3.72616e-56
-1.44076e-57
3.21183e-58
2.28506e-59
-2.27252e-60
-2.53516e-61
1.23254e-62
2.2403e-63
-4.30813e-65
-1.66102e-65
-2.23749e-68
1.03731e-67
1.77804e-69
-5.42891e-70
-1.65501e-71
2.45342e-72
1.00859e-73
-9.21068e-75
-4.61406e-76
2.81801e-77
1.67259e-78
-7.22727e-80
-4.38064e-81
1.4224e-82
8.82924e-84
-2.11512e-85
-1.14182e-86
1.99245e-88
6.85102e-90
-1.22139e-91
-0.000217209
1.3536e-05
-1.1135e-06
1.3823e-07
-2.55044e-08
6.26818e-09
6.37931e-10
3.78675e-10
1.48586e-10
7.90356e-12
-7.01247e-12
-6.72242e-12
-2.55295e-12
-6.38799e-13
-7.48875e-14
1.39829e-14
1.0485e-14
2.6554e-15
2.47504e-16
-8.83326e-17
-4.25105e-17
-6.98034e-18
4.57403e-19
5.02448e-19
1.04387e-19
3.11519e-22
-4.88187e-21
-1.1009e-21
-2.27237e-23
4.14564e-23
8.90962e-24
4.06981e-26
-3.20721e-25
-5.44917e-26
2.30733e-27
2.11451e-27
2.27462e-28
-3.31446e-29
-1.07602e-29
-3.62195e-31
2.4478e-31
3.49415e-32
-2.45562e-33
-1.03669e-33
-3.61735e-35
1.87553e-35
2.13794e-36
-2.0937e-37
-5.16078e-38
7.25133e-40
8.65294e-40
2.09233e-41
-1.21745e-41
-4.77909e-43
1.80898e-43
6.28745e-45
-3.29513e-45
-1.3181e-46
6.44513e-47
3.9473e-48
-1.10302e-48
-1.06917e-49
1.46984e-50
2.25955e-51
-1.38672e-52
-3.72837e-53
5.7733e-55
5.02708e-55
9.31928e-57
-5.5936e-57
-2.76846e-58
5.1017e-59
4.21435e-60
-3.74484e-61
-4.86177e-62
2.10962e-63
4.41502e-64
-6.85733e-66
-3.40457e-66
-1.73191e-68
2.21398e-68
4.7091e-70
-1.19704e-70
-4.21915e-72
5.56317e-73
2.59207e-74
-2.14449e-75
-1.20043e-76
6.60058e-78
4.44005e-79
-1.7067e-80
-1.23211e-81
3.34735e-83
2.44421e-84
-4.94155e-86
-3.33767e-87
4.592e-89
2.05297e-90
-8.97881e-93
1.07842e-05
-1.17318e-06
1.22615e-07
-1.69375e-08
-1.1721e-09
9.52726e-10
-5.19384e-10
-2.47639e-11
-5.75038e-11
-2.15018e-11
-7.96845e-12
-2.22756e-12
-3.45795e-13
3.20104e-14
4.28078e-14
1.58942e-14
3.30028e-15
1.3723e-16
-1.62867e-16
-6.7607e-17
-1.21033e-17
2.29323e-19
7.39983e-19
1.98177e-19
1.56873e-20
-5.65051e-21
-2.11749e-21
-2.45926e-22
3.5837e-23
1.80247e-23
2.26837e-24
-2.52765e-25
-1.32405e-25
-1.46154e-26
2.12976e-27
8.42795e-28
6.17516e-29
-1.76337e-29
-4.3798e-30
-6.21007e-32
1.17291e-31
1.58251e-32
-1.29523e-33
-5.46108e-34
-2.47557e-35
1.04922e-35
1.55495e-36
-9.1855e-38
-4.07007e-38
-1.45579e-39
6.87619e-40
7.79763e-41
-6.961e-42
-1.82829e-42
-1.20805e-45
2.94339e-44
1.74139e-45
-3.43691e-46
-4.31652e-47
2.56311e-48
6.82449e-49
-5.39225e-52
-8.28186e-51
-3.25106e-52
7.84273e-53
6.26476e-54
-5.6747e-55
-7.60677e-56
2.68206e-57
7.07746e-58
-4.28819e-60
-5.11983e-60
-7.45221e-62
3.11887e-62
3.08615e-64
-1.31871e-64
9.27286e-67
6.55105e-67
-6.10511e-68
-4.78084e-69
7.68444e-70
4.27621e-71
-5.77991e-72
-3.56037e-73
3.3719e-74
2.35271e-75
-1.57179e-76
-1.16017e-77
5.18597e-79
4.6626e-80
-1.41141e-81
-1.51174e-82
2.76892e-84
2.92581e-85
-4.09902e-87
-4.5916e-88
3.57826e-90
2.98273e-91
7.68404e-93
-2.3732e-07
3.38428e-08
-8.32005e-09
-1.44765e-09
5.36726e-10
-2.04527e-10
-1.29472e-10
-2.51652e-11
-2.31984e-11
-5.09331e-12
-1.51563e-12
-9.47971e-14
8.60401e-14
5.30438e-14
1.67237e-14
3.30405e-15
1.16764e-16
-1.74744e-16
-7.05214e-17
-1.40712e-17
-2.92851e-19
6.9023e-19
2.15965e-19
2.53859e-20
-3.75087e-21
-2.12493e-21
-3.50428e-22
8.00095e-24
1.62793e-23
3.24949e-24
5.41068e-26
-1.10643e-25
-2.37967e-26
-6.01962e-28
7.1879e-28
1.48872e-28
1.50525e-30
-4.65456e-30
-7.77998e-31
2.92559e-32
2.77142e-32
2.8709e-33
-4.20332e-34
-1.30029e-34
-3.79665e-36
2.92474e-36
3.96757e-37
-3.08215e-38
-1.19672e-38
-3.88099e-40
2.24099e-40
2.59043e-41
-2.44901e-42
-6.73565e-43
-2.05759e-45
1.18193e-44
7.77813e-46
-1.47116e-46
-2.07741e-47
1.10714e-48
3.58726e-49
2.76649e-51
-4.73422e-51
-2.51188e-52
4.81622e-53
5.03133e-54
-3.56163e-55
-6.89182e-56
1.25378e-57
7.47115e-58
1.22314e-59
-6.54801e-60
-3.08471e-61
4.773e-62
3.69022e-63
-2.68811e-64
-3.39312e-65
1.15815e-66
2.48928e-67
-2.59977e-69
-1.50921e-69
-1.02718e-71
7.66188e-72
1.54296e-73
-3.33832e-74
-9.94087e-76
1.19016e-76
4.61897e-78
-3.56813e-79
-1.61828e-80
8.96648e-82
3.67792e-83
-1.74649e-84
-7.78796e-86
2.61309e-87
8.25125e-89
-2.46229e-90
-4.4994e-92
4.26899e-93
6.86187e-09
-1.3284e-09
-1.09564e-09
3.46398e-10
1.49031e-11
-7.06089e-11
-1.51043e-12
-5.80058e-12
-2.24144e-12
4.80623e-14
7.95857e-14
1.14919e-13
4.2283e-14
1.16634e-14
1.60262e-15
-1.64392e-16
-1.94901e-16
-5.9488e-17
-9.15904e-18
6.38447e-19
7.91779e-19
1.95244e-19
1.30024e-20
-6.57857e-21
-2.3468e-21
-2.62263e-22
4.36062e-23
2.07793e-23
2.67405e-24
-2.63586e-25
-1.49993e-25
-1.82805e-26
1.76115e-27
8.74558e-28
8.94429e-29
-1.06984e-29
-4.07301e-30
-3.47108e-31
4.84257e-32
1.58733e-32
1.39773e-33
-1.53382e-34
-6.46797e-35
-7.33363e-36
6.8327e-37
3.373e-37
2.82298e-38
-6.04663e-39
-1.48745e-39
-5.04326e-42
3.69393e-41
3.52696e-42
-5.27238e-43
-1.18992e-43
1.76604e-45
2.47252e-45
1.32394e-46
-3.56706e-47
-4.46111e-48
3.31254e-49
8.80171e-50
-2.85843e-52
-1.29474e-51
-5.77835e-53
1.46091e-53
1.37544e-54
-1.22675e-55
-2.0943e-56
5.87823e-58
2.48114e-58
2.34145e-60
-2.36307e-60
-9.60165e-62
1.861e-62
1.33054e-63
-1.16304e-64
-1.32858e-65
5.62597e-67
1.05704e-67
-1.63373e-69
-6.93155e-70
-2.51941e-72
3.77105e-72
6.88714e-74
-1.75494e-74
-5.14414e-76
6.71536e-77
2.61489e-78
-2.10671e-79
-1.00377e-80
5.47366e-82
2.67152e-83
-1.06978e-84
-5.57056e-86
1.60602e-87
7.20812e-89
-1.46378e-90
-4.33392e-92
1.18606e-93
1.15769e-09
-4.99517e-10
1.57193e-10
3.81971e-11
-1.76676e-11
-1.72538e-13
4.39827e-12
-1.95134e-13
6.9288e-13
2.41648e-13
9.12852e-14
2.99895e-14
4.33193e-15
-3.35713e-16
-6.05457e-16
-2.36254e-16
-5.49686e-17
-3.59273e-18
2.27447e-18
1.12348e-18
2.34307e-19
4.26605e-21
-1.20548e-20
-3.75163e-21
-3.93394e-22
8.67296e-23
4.01526e-23
5.53613e-24
-5.00269e-25
-3.40932e-25
-4.93333e-26
3.58436e-27
2.47419e-27
3.06228e-28
-3.29723e-29
-1.51773e-29
-1.26039e-30
2.7633e-31
7.40276e-32
1.867e-33
-1.73134e-33
-2.47278e-34
1.43633e-35
7.1942e-36
4.08015e-37
-1.09522e-37
-1.81644e-38
4.3551e-40
3.54492e-40
2.21628e-41
-3.49517e-42
-5.94422e-43
-7.11981e-45
6.06368e-45
8.1339e-46
4.29575e-47
-1.01559e-47
-2.61721e-48
-9.67901e-50
4.98783e-50
6.29208e-51
-4.69875e-52
-1.43204e-52
-1.00953e-54
2.16135e-54
1.26776e-55
-2.39096e-56
-2.74155e-57
1.81589e-58
3.98973e-59
-5.35157e-61
-4.44368e-61
-9.6928e-63
3.99462e-63
2.11651e-64
-2.88881e-65
-2.50382e-66
1.64842e-67
2.25381e-68
-6.61458e-70
-1.62919e-70
9.97385e-73
9.57757e-73
1.00849e-74
-4.76474e-75
-1.08831e-76
1.93751e-77
6.30601e-79
-6.31251e-80
-2.66002e-81
1.70846e-82
7.87831e-84
-3.42085e-85
-1.66614e-86
5.16601e-88
2.33147e-89
-4.56285e-91
-1.46943e-92
1.49263e-94
-3.90456e-11
1.33082e-11
3.11941e-11
-8.01042e-12
-1.92257e-13
2.5911e-12
6.77171e-13
2.45043e-13
2.29014e-13
3.6933e-14
1.40665e-14
-1.59339e-16
-1.40065e-15
-7.18673e-16
-2.27526e-16
-4.40776e-17
-7.31538e-19
3.08244e-18
1.22181e-18
2.60441e-19
7.3764e-21
-1.35973e-20
-4.61262e-21
-6.31409e-22
6.70969e-23
4.99603e-23
9.5672e-24
6.01097e-26
-4.09771e-25
-9.53305e-26
-3.57556e-27
3.03266e-27
7.29385e-28
2.51762e-29
-2.13911e-29
-4.5193e-30
-2.87798e-32
1.41183e-31
2.17447e-32
-1.1883e-33
-7.85457e-34
-6.63122e-35
1.29764e-35
3.2022e-36
2.88901e-38
-7.32996e-38
-8.00027e-39
8.62964e-40
2.48263e-40
4.04185e-42
-4.56095e-42
-4.39595e-43
4.93048e-44
1.13145e-44
-2.57829e-47
-1.85187e-46
-1.17561e-47
2.0584e-48
2.92264e-49
-1.14289e-50
-4.45586e-51
-1.02198e-52
4.87267e-53
3.63375e-54
-3.56508e-55
-5.58351e-56
8.89311e-58
5.74434e-58
2.03741e-59
-4.06809e-60
-3.75137e-61
1.33936e-62
3.79605e-63
9.88838e-65
-2.27097e-65
-2.35821e-66
7.30493e-68
2.27143e-68
5.16025e-70
-1.54236e-70
-9.95893e-72
7.4755e-73
8.63611e-74
-2.26837e-75
-5.45428e-76
8.809e-79
2.64203e-78
3.24279e-80
-9.54139e-81
-2.4503e-82
2.81997e-83
9.89873e-85
-5.91657e-86
-2.23326e-87
9.12957e-89
3.74418e-90
-7.83559e-92
-2.53638e-93
-3.62382e-95
-2.19857e-11
1.39581e-11
-2.83516e-12
-9.65636e-13
7.0514e-13
2.67153e-13
-2.92149e-14
5.44914e-14
8.74038e-15
-3.94371e-15
-1.31876e-15
-1.51011e-15
-4.83906e-16
-1.34206e-16
-1.69066e-17
3.34204e-18
3.13447e-18
1.00694e-18
1.77032e-19
-2.83395e-21
-1.39897e-20
-4.27479e-21
-5.28936e-22
7.71665e-23
5.03781e-23
9.66526e-24
1.00716e-25
-4.08451e-25
-1.01833e-25
-6.2602e-27
2.72385e-27
8.09996e-28
6.33573e-29
-1.66338e-29
-5.37203e-30
-4.22338e-31
1.03743e-31
3.17236e-32
1.88538e-33
-6.92727e-34
-1.60564e-34
-2.54845e-36
4.22533e-36
6.17866e-37
-3.72478e-38
-2.03309e-38
-1.32273e-39
3.51766e-40
6.55952e-41
-1.59725e-42
-1.56819e-42
-1.00564e-43
2.31064e-44
3.74304e-45
-1.49994e-46
-7.77625e-47
-2.63215e-48
1.12008e-48
1.1042e-49
-1.07373e-50
-2.20432e-51
3.10861e-53
3.17164e-53
1.12949e-54
-3.44048e-55
-2.90521e-56
2.74024e-57
4.32018e-58
-1.18796e-59
-4.87044e-60
-5.6982e-62
4.31378e-62
1.94355e-63
-3.1036e-64
-2.42268e-65
1.63755e-66
2.25814e-67
-6.04267e-69
-1.62347e-69
2.22318e-72
9.4583e-72
1.71888e-73
-4.5183e-74
-1.56129e-75
1.7913e-76
8.73709e-78
-5.56011e-79
-3.73835e-80
1.42995e-81
1.17183e-82
-2.85195e-84
-2.40757e-85
4.36554e-87
4.60067e-88
-5.72029e-90
-3.72645e-91
5.39224e-93
1.55084e-94
-2.74482e-95
-8.93929e-13
6.72638e-13
-9.08192e-13
2.11857e-13
2.66333e-14
-4.34081e-14
-1.76028e-14
-1.03459e-15
-6.72096e-15
-1.72754e-15
-7.39073e-16
-2.49641e-16
-2.07568e-17
7.54311e-18
7.86977e-18
2.97334e-18
7.40139e-19
5.86118e-20
-2.86984e-20
-1.66669e-20
-4.16115e-21
-2.71752e-22
1.58825e-22
6.48657e-23
1.00971e-23
-6.27937e-25
-6.5026e-25
-1.303e-25
-2.13598e-27
4.99685e-27
1.14086e-27
3.87067e-29
-3.34741e-29
-7.42399e-30
-2.05738e-31
1.96125e-31
3.80313e-32
3.92115e-34
-9.9293e-34
-1.58745e-34
2.21001e-36
4.28441e-36
5.72161e-37
-2.10539e-38
-1.72718e-38
-1.99802e-39
1.55568e-40
7.16503e-41
5.22575e-42
-1.11441e-42
-2.53128e-43
-3.84075e-46
5.56869e-45
5.17775e-46
-7.02184e-47
-1.58436e-47
1.54953e-49
2.94742e-49
1.69765e-50
-3.81561e-51
-4.92145e-52
2.90336e-53
8.80187e-54
4.6197e-56
-1.15244e-55
-6.01123e-57
1.15378e-57
1.19317e-58
-8.11709e-60
-1.6161e-60
2.53166e-62
1.67988e-62
3.30754e-64
-1.42658e-64
-6.99098e-66
9.55291e-67
8.14523e-68
-5.17256e-69
-6.93408e-70
1.92681e-71
4.74259e-72
-2.34359e-74
-2.65198e-74
-3.0808e-76
1.25226e-76
2.98668e-78
-4.80691e-79
-1.65564e-80
1.51091e-81
6.51517e-83
-3.89162e-84
-1.7576e-85
7.50683e-87
3.71395e-88
-1.11931e-89
-4.64125e-91
9.69283e-93
2.76167e-94
-8.73287e-96
-4.36437e-12
-1.24803e-12
5.09351e-13
-1.53092e-13
1.22539e-15
-8.92309e-15
-9.01428e-16
-1.69234e-15
-9.61593e-16
-6.01172e-17
-5.98388e-17
2.2242e-17
1.68139e-17
7.17633e-18
2.29657e-18
4.22391e-19
-1.04574e-20
-4.41486e-20
-1.72876e-20
-4.00775e-21
-1.83456e-22
2.12052e-22
8.05417e-23
1.32449e-23
-6.57291e-25
-9.04884e-25
-2.08104e-25
-9.53915e-27
7.2505e-27
2.10666e-27
1.54077e-28
-5.2722e-29
-1.62226e-29
-1.10258e-30
3.73077e-31
1.00084e-31
4.1334e-33
-2.47033e-33
-4.83965e-34
3.57199e-36
1.36644e-35
1.61944e-36
-1.44495e-37
-5.52617e-38
-2.8641e-39
8.90372e-40
1.53591e-40
-2.1573e-42
-3.16052e-42
-2.72015e-43
2.86607e-44
7.62278e-45
2.82769e-46
-9.83177e-47
-1.53404e-47
6.94218e-50
2.82996e-49
2.60983e-50
-2.45363e-51
-6.72127e-52
-1.35882e-53
9.77282e-54
9.26655e-55
-8.6543e-56
-1.86966e-56
1.17539e-58
2.55992e-58
1.13605e-59
-2.56047e-60
-2.49006e-61
1.80135e-62
3.33202e-63
-5.40372e-65
-3.41562e-65
-6.36445e-67
2.75581e-67
1.33926e-68
-1.81029e-69
-1.45536e-70
9.19853e-72
1.16836e-72
-3.26865e-74
-7.35722e-75
4.72293e-77
3.84176e-77
3.11932e-79
-1.61508e-79
-3.10846e-81
5.44828e-82
1.58903e-83
-1.49956e-84
-5.00814e-86
3.02669e-87
1.12565e-88
-4.54832e-90
-1.59092e-91
3.91396e-93
1.02026e-94
-1.56108e-96
1.87291e-10
1.02324e-10
-3.36501e-11
9.93449e-12
1.01927e-13
-1.67953e-14
-3.50492e-15
-1.07569e-16
6.086e-17
4.78106e-17
1.0925e-17
1.22424e-17
3.14897e-18
9.09378e-19
7.2145e-20
-5.92015e-20
-4.04353e-20
-1.33573e-20
-2.55181e-21
-2.53799e-23
2.13699e-22
7.70049e-23
1.26274e-23
-5.30727e-25
-9.25263e-25
-2.41393e-25
-1.8925e-26
6.81694e-27
2.63004e-27
3.30079e-28
-3.87015e-29
-2.20602e-29
-3.0512e-30
2.33508e-31
1.56278e-31
2.00071e-32
-1.87092e-33
-9.70575e-34
-9.17843e-35
1.62272e-35
4.97364e-36
2.03854e-37
-1.08984e-37
-1.85843e-38
5.94152e-40
5.14828e-40
4.07833e-41
-7.45733e-42
-1.59655e-42
6.13439e-45
3.24582e-44
2.66046e-45
-3.81881e-46
-7.74704e-47
5.64276e-49
1.32517e-48
8.60791e-50
-1.46151e-50
-2.22439e-51
6.36389e-53
3.41148e-53
1.26172e-54
-3.54489e-55
-3.58789e-56
2.09332e-57
5.23585e-58
6.65828e-60
-5.16212e-60
-3.57481e-61
3.23062e-62
5.25113e-63
-3.18121e-65
-5.0963e-65
-2.20986e-66
3.39735e-67
3.53013e-68
-1.43144e-69
-3.34988e-70
-1.22394e-72
2.36728e-72
8.33102e-74
-1.29263e-74
-8.32933e-76
5.3125e-77
5.60748e-78
-1.53682e-79
-2.79592e-80
2.17841e-82
1.05189e-82
7.80423e-85
-3.17601e-85
-5.42208e-87
6.79931e-88
1.51297e-89
-1.04495e-90
-2.73838e-92
9.05558e-94
1.9955e-95
-8.58738e-99
-1.07284e-08
-1.50212e-08
4.20115e-09
-2.77424e-09
-5.49013e-11
-4.08251e-12
1.23035e-12
4.70701e-14
2.67678e-16
-5.41935e-16
8.96257e-17
-8.51228e-18
6.16975e-19
-1.72341e-19
-7.79538e-20
-2.97184e-20
-7.72952e-21
-6.80871e-22
3.3023e-22
2.20441e-22
6.6853e-23
7.89983e-24
-1.53913e-24
-1.02238e-24
-2.36252e-25
-1.28285e-26
8.60249e-27
2.91303e-27
3.49398e-28
-4.38868e-29
-2.50765e-29
-3.76174e-30
1.63331e-31
1.72209e-31
2.81638e-32
-5.88585e-34
-1.05617e-33
-1.6926e-34
5.20048e-36
6.14619e-36
7.96144e-37
-6.25473e-38
-3.15674e-38
-2.55319e-39
5.19948e-40
1.30092e-40
2.1081e-42
-2.92973e-42
-3.55179e-43
3.0227e-44
1.0645e-44
3.2279e-46
-1.86393e-46
-2.15541e-47
1.78843e-48
5.22618e-49
5.91413e-51
-8.31577e-51
-6.26806e-52
8.92618e-53
1.43695e-53
-4.33818e-55
-2.19964e-55
-5.67803e-57
2.4694e-57
1.87172e-58
-1.99734e-59
-2.94233e-60
8.48809e-62
3.36587e-62
4.83027e-64
-2.94628e-64
-1.52479e-65
2.01983e-66
1.86942e-67
-9.19879e-69
-1.70262e-69
1.81355e-71
1.18141e-71
1.82844e-73
-6.49262e-74
-2.52613e-75
2.83217e-76
1.79154e-77
-9.55048e-79
-9.10454e-80
2.1436e-81
3.59857e-82
-2.6165e-84
-1.03106e-84
-5.51218e-87
2.00841e-87
2.90485e-89
-3.23309e-90
-5.48158e-92
1.95828e-93
5.28612e-95
-1.81481e-97
1.09622e-97
7.05165e-07
9.86226e-08
-1.68753e-08
2.74808e-08
-7.12327e-09
3.14479e-10
-1.19778e-10
1.26479e-11
-6.66664e-13
4.7499e-14
-3.03811e-15
1.72541e-16
-8.76541e-18
3.3158e-19
-3.00575e-20
-2.32172e-21
3.72189e-22
5.30158e-22
2.07276e-22
5.44793e-23
4.9465e-24
-2.51572e-24
-1.24695e-24
-2.68305e-25
-8.14806e-27
1.29369e-26
4.02235e-27
4.40844e-28
-7.47432e-29
-3.84163e-29
-5.67904e-30
3.38553e-31
2.88326e-31
4.37371e-32
-1.91525e-33
-1.77551e-33
-2.41181e-34
1.37142e-35
9.17119e-36
1.02558e-36
-9.27346e-38
-4.0208e-38
-3.47544e-39
5.0508e-40
1.58021e-40
9.59343e-42
-2.5838e-42
-5.71072e-43
-9.12902e-45
1.2218e-44
1.61143e-45
-1.04408e-46
-4.50608e-47
-2.08017e-48
7.22672e-49
1.00939e-49
-5.67358e-51
-2.2083e-51
-5.69315e-53
3.24944e-53
2.90435e-54
-3.09411e-55
-6.0305e-56
1.0385e-57
8.55159e-58
2.9395e-59
-9.14457e-60
-7.55141e-61
7.01701e-62
1.11712e-62
-2.95227e-64
-1.2132e-64
-1.59333e-66
1.05912e-66
4.61904e-68
-7.17569e-69
-5.7871e-70
3.92303e-71
5.03999e-72
-1.4595e-73
-3.4708e-74
1.54811e-76
1.94284e-76
2.42948e-78
-9.07123e-79
-2.29823e-80
3.42599e-81
1.26283e-82
-1.05551e-83
-4.82901e-85
2.62714e-86
1.27259e-87
-4.85845e-89
-2.5978e-90
6.97402e-92
3.10241e-93
-5.83581e-95
-1.7456e-96
4.6847e-98
-1.61323e-06
4.34557e-06
-4.98617e-07
2.90376e-07
4.45956e-09
1.58746e-09
-5.33366e-10
-4.82947e-11
3.84697e-12
7.16563e-14
-5.45439e-15
3.91218e-16
-2.52822e-17
1.41769e-18
-6.58073e-20
5.42531e-21
-2.64498e-22
-4.83881e-23
8.29457e-23
1.98936e-23
-6.22498e-24
-2.56447e-24
-6.54449e-26
7.18363e-26
4.83102e-27
5.76751e-28
1.0117e-27
1.37363e-28
-5.96153e-29
-1.80607e-29
3.55306e-32
6.92732e-31
9.34914e-32
-6.35821e-33
-3.17979e-33
-3.67022e-34
5.74432e-36
1.25872e-35
2.66208e-36
3.5702e-38
-8.87644e-38
-1.33986e-38
9.36001e-40
4.63349e-40
2.5842e-41
-7.94914e-42
-1.32883e-42
3.2524e-44
2.82372e-44
2.0999e-45
-2.79729e-46
-6.44857e-47
-1.9728e-48
8.85293e-49
1.33117e-49
-1.49495e-51
-2.63974e-51
-2.23121e-52
2.64134e-53
6.09633e-54
3.17023e-56
-9.39374e-56
-7.1009e-57
9.34105e-58
1.56495e-58
-3.68163e-60
-2.2503e-60
-6.73201e-62
2.3575e-62
1.87461e-63
-1.79733e-64
-2.67865e-65
7.48013e-67
2.8521e-67
2.65684e-69
-2.35431e-69
-9.43698e-71
1.59997e-71
1.10551e-72
-8.43188e-74
-9.14502e-75
3.24338e-76
5.8612e-77
-6.92335e-79
-3.08057e-79
-1.08436e-81
1.29627e-81
1.98871e-83
-4.37924e-84
-1.09245e-85
1.19601e-86
3.52384e-88
-2.39837e-89
-8.08732e-91
3.54956e-92
1.12133e-93
-2.97725e-95
-7.17923e-97
1.20918e-98
-7.70501e-05
7.92253e-06
-1.14565e-06
6.78389e-08
2.10588e-07
2.13635e-08
3.23566e-09
-4.71342e-10
-4.68878e-11
1.53894e-12
8.82667e-14
-4.5124e-15
2.03566e-16
-7.65928e-18
1.78855e-19
-5.20559e-20
1.04735e-20
4.47783e-21
-8.20035e-22
-3.64089e-22
4.99095e-23
2.40783e-23
-2.52709e-24
-1.3683e-24
1.04634e-25
6.85546e-26
-3.06722e-27
-2.95661e-27
4.63647e-29
1.0897e-28
5.14604e-31
-3.56918e-30
-6.42731e-32
1.09505e-31
3.34064e-33
-3.17199e-33
-1.53529e-34
8.33001e-35
6.01193e-36
-1.89159e-36
-1.89722e-37
3.63133e-38
4.76425e-39
-5.98509e-40
-9.67637e-41
9.24129e-42
1.64846e-42
-1.5653e-43
-2.58588e-44
3.12423e-45
4.32672e-46
-6.31973e-47
-8.38419e-48
1.11011e-48
1.71077e-49
-1.54744e-50
-3.17574e-51
1.53714e-52
5.05023e-53
-6.3934e-55
-6.69153e-55
-1.17885e-56
7.26019e-57
3.32951e-58
-6.29761e-59
-4.7922e-60
4.00586e-61
4.69914e-62
-1.42643e-63
-2.94932e-64
-3.63007e-66
3.80903e-67
7.17058e-68
1.82822e-68
5.05805e-71
-2.92485e-70
-1.03775e-71
2.7955e-72
1.64391e-73
-1.9524e-74
-1.64461e-75
1.04608e-76
1.2157e-77
-4.20584e-79
-7.12266e-80
1.15771e-81
3.30835e-82
-1.51153e-84
-1.21072e-84
-7.14914e-87
3.56296e-87
4.21347e-89
-7.60266e-90
-1.1721e-91
1.15654e-92
2.0038e-94
-9.96934e-96
-1.36812e-97
2.43704e-99
-0.000212002
-8.31896e-05
-8.14298e-07
-5.5434e-06
1.12971e-07
3.79336e-08
2.87733e-08
2.0678e-09
-2.71836e-10
-4.57693e-11
8.82019e-13
1.00451e-14
-4.26402e-16
1.61143e-18
1.72328e-18
1.18877e-18
-1.83127e-19
-9.93151e-20
1.28973e-20
6.98109e-21
-7.24617e-22
-4.21935e-22
3.27844e-23
2.21876e-23
-1.16887e-24
-1.02343e-24
3.03371e-26
4.17459e-26
-3.56992e-28
-1.51901e-27
-1.63851e-29
4.9658e-29
1.44608e-30
-1.46825e-30
-6.81412e-32
3.9452e-32
2.49343e-33
-9.68261e-34
-7.71724e-35
2.18024e-35
2.10759e-36
-4.52792e-37
-5.19567e-38
8.68787e-39
1.16977e-39
-1.53919e-40
-2.42524e-41
2.50398e-42
4.66411e-43
-3.73493e-44
-8.29558e-45
5.04809e-46
1.37471e-46
-6.10933e-48
-2.11705e-48
6.45461e-50
3.03577e-50
-5.60265e-52
-4.0708e-52
3.35015e-54
5.08425e-54
1.83903e-57
-5.9556e-56
-4.80478e-58
6.54221e-58
9.76833e-60
-6.71977e-60
-1.41437e-61
6.46474e-62
1.72719e-63
-5.74191e-64
-1.81452e-65
4.71938e-66
1.69265e-67
-3.56138e-68
-1.39474e-69
2.45647e-70
1.01503e-71
-1.54568e-72
-6.38887e-74
8.72925e-75
3.56816e-76
-4.43869e-77
-1.68011e-78
1.98394e-79
6.52911e-81
-7.79243e-82
-2.03391e-83
2.647e-84
4.68467e-86
-7.37072e-87
-6.5872e-89
1.60232e-89
1.11247e-92
-2.42014e-92
1.51907e-94
2.17212e-95
-2.17546e-97
-7.66228e-99
0.000560982
-0.000366593
5.11649e-07
-2.3022e-05
-3.61365e-06
-6.28878e-07
1.1627e-08
1.85045e-08
2.1247e-09
-1.55251e-10
-2.99972e-11
2.73163e-13
-5.51721e-15
5.10633e-16
-4.23196e-17
-3.19978e-17
3.18111e-18
2.18236e-18
-2.02839e-19
-1.3237e-19
1.04286e-20
7.18875e-21
-4.35502e-22
-3.4913e-22
1.426e-23
1.5172e-23
-3.21776e-25
-5.91416e-25
1.33017e-27
2.0769e-26
3.26495e-28
-6.59663e-28
-2.18162e-29
1.90667e-29
9.46111e-31
-5.0347e-31
-3.31784e-32
1.21947e-32
1.00209e-33
-2.71568e-34
-2.6955e-35
5.57613e-36
6.56344e-37
-1.05773e-37
-1.46067e-38
1.85161e-39
2.99339e-40
-2.9838e-41
-5.6834e-42
4.43238e-43
1.00145e-43
-6.01483e-45
-1.6488e-45
7.37758e-47
2.54172e-47
-7.97089e-49
-3.65781e-49
7.10912e-51
4.94068e-51
-4.35256e-53
-6.20427e-53
-4.45063e-56
7.28742e-55
6.81667e-57
-7.98229e-57
-1.38655e-58
8.12821e-59
1.97207e-60
-7.70311e-61
-2.36056e-62
6.71704e-63
2.4059e-64
-5.4182e-65
-2.156e-66
4.0302e-67
1.70012e-68
-2.74908e-69
-1.18862e-70
1.7266e-71
7.21495e-73
-9.8063e-74
-3.89334e-75
5.05365e-76
1.7912e-77
-2.29488e-78
-6.80801e-80
9.18277e-81
2.06263e-82
-3.16314e-83
-4.58373e-85
8.92449e-86
6.14144e-88
-1.95336e-88
1.06471e-91
2.96268e-91
-1.85261e-93
-2.66139e-94
2.51017e-96
8.60246e-98
0.00482799
-0.000308283
8.68308e-05
-2.89442e-05
-1.20631e-05
-3.69783e-06
-5.60738e-07
1.44783e-11
1.65174e-08
2.09047e-09
-7.17395e-11
-1.69633e-11
1.38013e-13
-1.66917e-14
5.81616e-16
8.78718e-16
-5.25072e-17
-4.70541e-17
3.22559e-18
2.42967e-18
-1.55072e-19
-1.18004e-19
6.09016e-21
5.28551e-21
-1.89042e-22
-2.16327e-22
4.02547e-24
8.05715e-24
-1.17966e-26
-2.72984e-25
-4.10608e-27
8.42897e-27
2.60082e-28
-2.38192e-28
-1.09881e-29
6.18086e-30
3.78879e-31
-1.47768e-31
-1.12992e-32
3.25879e-33
3.01089e-34
-6.65564e-35
-7.25829e-36
1.25632e-36
1.60568e-37
-2.19891e-38
-3.27747e-39
3.55569e-40
6.20574e-41
-5.32045e-42
-1.09121e-42
7.31984e-44
1.78873e-44
-9.16346e-46
-2.75625e-46
1.02717e-47
3.96583e-48
-9.88474e-50
-5.33673e-50
7.47061e-52
6.70877e-52
-2.86257e-54
-7.89365e-54
-3.61893e-56
8.63038e-56
1.06203e-57
-8.8052e-58
-1.72877e-59
8.33444e-60
2.12493e-61
-7.29173e-62
-2.23797e-63
5.87292e-64
2.03181e-65
-4.35858e-66
-1.62691e-67
2.98839e-68
1.13874e-69
-1.85603e-70
-7.00648e-72
1.05883e-72
3.76339e-74
-5.4338e-75
-1.70601e-76
2.47727e-77
6.34524e-79
-9.86266e-80
-1.85034e-81
3.37349e-82
3.7768e-84
-9.41596e-85
-3.84719e-87
2.03379e-87
-4.73952e-90
-3.02211e-90
2.38348e-92
2.63419e-93
-2.87097e-95
-7.55637e-97
0.0157646
0.00175076
0.00066912
0.000112612
5.70631e-06
-5.94586e-06
-2.37004e-06
-3.8304e-07
1.03721e-08
1.43494e-08
1.74123e-09
-3.9243e-11
-6.65314e-12
6.21516e-13
4.42433e-15
-2.2711e-14
9.53467e-16
9.19837e-16
-6.13757e-17
-3.98307e-17
2.91258e-18
1.71583e-18
-1.15597e-19
-7.06816e-20
3.88321e-21
2.72486e-21
-1.07462e-22
-9.72262e-23
2.24274e-24
3.1924e-24
-2.22475e-26
-9.64067e-26
-8.18984e-28
2.68327e-27
6.24576e-29
-6.89386e-29
-2.59283e-30
1.63719e-30
8.48266e-32
-3.60972e-32
-2.38087e-33
7.38767e-34
5.95787e-35
-1.40546e-35
-1.35052e-36
2.48384e-37
2.80625e-38
-4.08755e-39
-5.36392e-40
6.26704e-41
9.53557e-42
-8.90683e-43
-1.5868e-43
1.16978e-44
2.45935e-45
-1.40961e-46
-3.57059e-47
1.53481e-48
4.82411e-49
-1.4832e-50
-6.11318e-51
1.21135e-52
7.2185e-53
-7.37463e-55
-7.94525e-55
1.16706e-57
8.13683e-57
4.88174e-59
-7.71514e-59
-9.56888e-61
6.75422e-61
1.2033e-62
-5.48535e-63
-1.19151e-64
4.07939e-65
1.00377e-66
-2.77511e-67
-7.14671e-69
1.73555e-69
4.44572e-71
-9.80753e-72
-2.30513e-73
5.01386e-74
1.00334e-75
-2.26972e-76
-3.47737e-78
8.987e-79
8.82264e-81
-2.99921e-81
-1.15356e-83
8.30474e-84
-1.56601e-86
-1.72015e-86
1.34107e-88
2.53712e-89
-3.25361e-91
-2.30587e-92
3.19215e-94
6.37001e-96
0.0349049
0.00770658
0.00258641
0.000740368
0.000167632
2.15062e-05
-1.88749e-06
-1.6585e-06
-3.17486e-07
4.25073e-09
1.25518e-08
1.62828e-09
-9.11263e-11
-2.82447e-11
9.65357e-13
5.26625e-13
-3.90807e-14
-1.47479e-14
1.74881e-15
5.25182e-16
-7.06324e-17
-2.00711e-17
2.62779e-18
7.67002e-19
-8.91808e-20
-2.8195e-20
2.72624e-21
9.75905e-22
-7.41827e-23
-3.14401e-23
1.76611e-24
9.39238e-25
-3.5441e-26
-2.59999e-26
5.41065e-28
6.6754e-28
-3.41879e-30
-1.59298e-29
-1.51401e-31
3.53275e-31
8.30035e-33
-7.29633e-33
-2.69954e-34
1.40653e-34
7.06135e-36
-2.53396e-36
-1.60968e-37
4.26515e-38
3.27414e-39
-6.70969e-40
-6.1141e-41
9.87421e-42
1.05412e-42
-1.35577e-43
-1.68603e-44
1.73574e-45
2.50428e-46
-2.05337e-47
-3.45707e-48
2.24022e-49
4.46085e-50
-2.23687e-51
-5.33652e-52
2.02039e-53
5.94765e-54
-1.61179e-55
-6.16027e-56
1.09964e-57
5.89526e-58
-6.00186e-60
-5.20665e-60
2.11048e-62
4.23247e-62
2.59858e-65
-3.16076e-64
-1.22048e-66
2.16385e-66
1.27182e-68
-1.34954e-68
-8.47073e-71
7.64848e-71
4.14349e-73
-3.81471e-73
-1.2135e-75
1.69477e-75
-6.84885e-79
-6.5709e-78
3.05613e-80
2.1991e-80
-1.98114e-82
-5.79597e-83
8.16671e-85
1.20918e-85
-2.1925e-87
-1.65269e-88
3.74361e-90
1.33511e-91
-2.97742e-93
-3.08677e-95
0.0604329
0.018041
0.00670539
0.00236638
0.000716868
0.000165036
2.12629e-05
-2.19491e-06
-1.81096e-06
-3.63417e-07
-6.53871e-10
1.35894e-08
1.96625e-09
-1.4457e-10
-6.40469e-11
-8.04759e-13
1.64065e-12
7.96765e-14
-4.62754e-14
-3.14971e-15
1.48113e-15
1.21822e-16
-4.93076e-17
-4.78931e-18
1.59802e-18
1.82504e-19
-4.88953e-20
-6.53686e-21
1.39222e-21
2.17225e-22
-3.6597e-23
-6.67493e-24
8.82737e-25
1.89435e-25
-1.94374e-26
-4.97804e-27
3.86924e-28
1.2132e-28
-6.85639e-30
-2.75347e-30
1.04352e-31
5.81245e-32
-1.24968e-33
-1.14644e-33
7.74007e-36
2.11084e-35
1.39782e-37
-3.64383e-37
-7.06641e-39
5.89917e-39
1.86666e-40
-8.95408e-41
-3.90033e-42
1.27745e-42
7.09858e-44
-1.70172e-44
-1.14994e-45
2.11898e-46
1.69761e-47
-2.45657e-48
-2.29855e-49
2.65634e-50
2.86448e-51
-2.66067e-52
-3.32232e-53
2.45643e-54
3.52418e-55
-2.09705e-56
-3.42892e-57
1.6529e-58
3.0693e-59
-1.20508e-60
-2.51946e-61
8.17876e-63
1.89536e-63
-5.19344e-65
-1.30739e-65
3.12682e-67
8.05548e-68
-1.81257e-69
-4.4984e-70
1.01334e-71
2.25916e-72
-5.27081e-74
-9.86743e-75
2.50928e-76
3.73097e-77
-1.05131e-78
-1.17692e-79
3.75095e-81
2.9975e-82
-1.07357e-83
-5.68429e-85
2.29679e-86
7.48357e-88
-3.31232e-89
-4.97178e-91
2.40432e-92
1.00798e-94
0.0845645
0.0319364
0.0134918
0.00551072
0.00199359
0.000589553
0.000125097
1.08863e-05
-4.10201e-06
-1.99625e-06
-3.49034e-07
9.90375e-09
1.66085e-08
2.53709e-09
-2.06187e-10
-1.11362e-10
-5.43918e-12
2.98567e-12
3.87366e-13
-6.87276e-14
-1.53412e-14
1.52542e-15
5.34205e-16
-3.17259e-17
-1.75597e-17
5.32267e-19
5.46762e-19
-3.26676e-21
-1.59934e-20
-2.49699e-22
4.37006e-22
1.55071e-23
-1.1114e-23
-6.045e-25
2.62722e-25
1.92253e-26
-5.76347e-27
-5.3319e-28
1.17366e-28
1.32936e-29
-2.21286e-30
-3.02162e-31
3.8591e-32
6.3218e-33
-6.19971e-34
-1.2276e-34
9.10917e-36
2.22079e-36
-1.20843e-37
-3.75226e-38
1.40274e-39
5.93135e-40
-1.33345e-41
-8.78866e-42
8.02327e-44
1.21155e-43
3.45769e-46
-1.56612e-45
-2.19456e-47
1.89784e-47
4.64592e-49
-2.13679e-49
-7.33115e-51
2.24902e-51
9.73666e-53
-2.20014e-53
-1.14129e-54
2.00351e-55
1.19724e-56
-1.68768e-57
-1.11886e-58
1.32926e-59
9.45632e-61
-9.7072e-62
-7.27855e-63
6.57897e-64
5.01232e-65
-4.16632e-66
-3.12263e-67
2.43264e-68
1.71612e-69
-1.31104e-70
-8.35931e-72
6.35011e-73
3.55331e-74
-2.75684e-75
-1.27743e-76
1.02933e-77
3.70761e-79
-3.28807e-80
-8.55471e-82
8.3726e-83
1.34772e-84
-1.6248e-85
-1.0606e-87
2.0791e-88
-8.65528e-92
-1.22964e-91
4.08281e-94
0.103448
0.0470202
0.0225311
0.0103825
0.00429514
0.00150875
0.000417658
7.55931e-05
5.36826e-07
-5.19086e-06
-1.83358e-06
-2.52059e-07
3.06995e-08
1.95348e-08
2.64972e-09
-3.35023e-10
-1.56714e-10
-9.45949e-12
4.32948e-12
7.66418e-13
-7.15543e-14
-2.95866e-14
2.67298e-16
9.12506e-16
3.70653e-17
-2.52279e-17
-2.06111e-18
6.42601e-19
7.82856e-20
-1.50823e-20
-2.50367e-21
3.23222e-22
7.11986e-23
-6.21506e-24
-1.84096e-24
1.0359e-25
4.36916e-26
-1.38314e-27
-9.5858e-28
1.0453e-29
1.95517e-29
1.4459e-31
-3.70765e-31
-8.96249e-33
6.55221e-33
2.6173e-34
-1.08306e-34
-6.0145e-36
1.67229e-36
1.1964e-37
-2.40527e-38
-2.13907e-39
3.2219e-40
3.47187e-41
-3.9971e-42
-5.19202e-43
4.57878e-44
7.17347e-45
-4.80836e-46
-9.13524e-47
4.58272e-48
1.08382e-48
-3.89423e-50
-1.18859e-50
2.88645e-52
1.21123e-52
-1.77871e-54
-1.14338e-54
7.96614e-57
1.00046e-56
-8.01593e-60
-8.08239e-59
-2.90994e-61
6.02683e-61
3.91786e-63
-4.17072e-63
-3.26528e-65
2.65767e-65
2.0851e-67
-1.55232e-67
-1.05376e-69
8.19338e-70
3.85392e-72
-3.86047e-72
-8.15439e-75
1.58715e-74
-2.35968e-77
-5.66266e-77
3.28171e-79
1.68198e-79
-1.69802e-81
-3.98729e-82
5.59927e-84
6.95196e-85
-1.20658e-86
-7.28881e-88
1.48902e-89
3.90009e-91
-5.57453e-93
0.116582
0.0612307
0.0327091
0.0166379
0.007667
0.00307466
0.00102131
0.000255284
3.40282e-05
-6.05803e-06
-5.04808e-06
-1.39115e-06
-1.21439e-07
4.76598e-08
1.88652e-08
1.92133e-09
-4.86944e-10
-1.72021e-10
-8.11335e-12
5.38737e-12
9.78086e-13
-7.41031e-14
-3.9246e-14
-1.10093e-15
1.10085e-15
1.06655e-16
-2.4898e-17
-4.28107e-18
4.66871e-19
1.32974e-19
-6.70588e-21
-3.5722e-21
4.25255e-23
8.6126e-23
1.5608e-24
-1.89342e-24
-8.39969e-26
3.82533e-26
2.64966e-27
-7.11671e-28
-6.74163e-29
1.2197e-29
1.49919e-30
-1.92162e-31
-3.00883e-32
2.75844e-33
5.53006e-34
-3.55348e-35
-9.37992e-36
3.96779e-37
1.47444e-37
-3.53017e-39
-2.15604e-39
1.7652e-41
2.93781e-41
1.75628e-43
-3.73833e-43
-7.02778e-45
4.42786e-45
1.36321e-46
-4.87477e-47
-2.05196e-48
5.00265e-49
2.63727e-50
-4.79142e-51
-2.99653e-52
4.29232e-53
3.05373e-54
-3.59599e-55
-2.83758e-56
2.82944e-57
2.38996e-58
-2.08681e-59
-1.84753e-60
1.44178e-61
1.30205e-62
-9.30826e-64
-8.30754e-65
5.60189e-66
4.82437e-67
-3.11175e-68
-2.48453e-69
1.57726e-70
1.13179e-71
-7.13519e-73
-4.46386e-74
2.85292e-75
1.47892e-76
-9.84549e-78
-3.82219e-79
2.79336e-80
7.6055e-82
-6.1591e-83
-9.88377e-85
9.78655e-86
6.57452e-88
-9.28641e-89
-2.1384e-92
2.95492e-92
0.125111
0.0735356
0.0427669
0.0235411
0.0118379
0.00527595
0.00201016
0.000616587
0.000131308
7.00115e-06
-8.36206e-06
-4.00463e-06
-8.61002e-07
-1.20723e-08
5.10511e-08
1.45647e-08
7.96502e-10
-5.54028e-10
-1.46582e-10
-2.03433e-12
5.61828e-12
8.84086e-13
-8.76039e-14
-4.01083e-14
-1.33195e-15
1.10704e-15
1.31152e-16
-2.14129e-17
-4.99338e-18
2.59611e-19
1.40782e-19
6.00926e-22
-3.3324e-21
-1.52638e-22
6.92648e-23
5.81949e-24
-1.28303e-24
-1.60706e-25
2.11947e-26
3.74573e-27
-3.0709e-28
-7.74663e-29
3.72849e-30
1.45422e-30
-3.22619e-32
-2.50497e-32
1.64346e-35
3.98753e-34
7.38494e-36
-5.86606e-36
-2.12443e-37
7.99962e-38
4.25997e-39
-1.01561e-39
-7.16969e-41
1.19389e-41
1.05852e-42
-1.30272e-43
-1.41884e-44
1.31463e-45
1.73337e-46
-1.22539e-47
-1.94322e-48
1.05713e-49
2.01659e-50
-8.41732e-52
-1.92928e-52
6.24646e-54
1.72651e-54
-4.32902e-56
-1.43346e-56
2.78344e-58
1.10997e-58
-1.66109e-60
-7.90641e-61
9.56517e-63
5.19451e-63
-5.31018e-65
-3.12831e-65
2.91081e-67
1.70123e-67
-1.60318e-69
-8.239e-70
8.68128e-72
3.55556e-72
-4.39149e-74
-1.33523e-74
1.93965e-76
4.14694e-77
-7.16067e-79
-1.04087e-79
2.13874e-81
2.04456e-82
-4.66012e-84
-2.73608e-85
6.74047e-87
1.97804e-88
-4.55217e-90
-2.87187e-92
0.131044
0.0833391
0.0516803
0.0302966
0.0163508
0.00793225
0.00336284
0.00119444
0.000326745
5.19101e-05
-6.19364e-06
-7.578e-06
-2.63152e-06
-4.03662e-07
5.08989e-08
4.2535e-08
8.82215e-09
-1.64144e-10
-4.99707e-10
-9.60373e-11
4.50687e-12
4.82338e-12
5.68115e-13
-9.91822e-14
-3.24283e-14
-4.67125e-16
9.62718e-16
1.04941e-16
-1.81726e-17
-4.24885e-18
1.68719e-19
1.1648e-19
2.82902e-21
-2.53791e-21
-1.88938e-22
4.62625e-23
5.91416e-24
-7.09995e-25
-1.42831e-25
8.75849e-27
2.95367e-27
-6.97219e-29
-5.43251e-29
-2.82458e-31
9.01401e-31
2.70335e-32
-1.36576e-32
-7.25641e-34
1.89397e-34
1.44734e-35
-2.41907e-36
-2.47037e-37
2.82613e-38
3.74085e-39
-3.0012e-40
-5.12953e-41
2.86804e-42
6.45985e-43
-2.41941e-44
-7.52205e-45
1.73503e-46
8.14222e-47
-9.24754e-49
-8.20846e-49
1.59947e-51
7.72382e-51
4.59065e-53
-6.84927e-53
-8.37478e-55
5.6821e-55
9.88701e-57
-4.37164e-57
-9.30161e-59
3.13719e-59
7.56433e-61
-2.09126e-61
-5.31932e-63
1.27752e-63
3.33608e-65
-7.14321e-66
-1.78294e-67
3.62614e-68
8.18159e-70
-1.64426e-70
-3.18347e-72
6.60484e-73
9.76206e-75
-2.2768e-75
-2.24612e-77
6.44546e-78
2.83806e-80
-1.49553e-80
2.81593e-83
2.47929e-83
-1.87309e-85
-2.7617e-86
3.02836e-88
1.37862e-89
-1.3373e-91
0.135224
0.0906769
0.0589556
0.0362993
0.0207256
0.0107597
0.00496228
0.00196892
0.0006355
0.000145379
1.00945e-05
-9.59593e-06
-5.31967e-06
-1.38798e-06
-1.02829e-07
6.65949e-08
2.7885e-08
3.77527e-09
-6.39397e-10
-3.53643e-10
-4.3928e-11
7.83945e-12
3.29467e-12
2.17098e-13
-9.25543e-14
-2.01968e-14
6.06635e-16
7.05629e-16
5.4525e-17
-1.48448e-17
-2.74915e-18
1.63772e-19
7.93752e-20
1.44339e-21
-1.70443e-21
-1.27886e-22
2.9033e-23
3.99895e-24
-3.87843e-25
-9.2108e-26
3.51469e-27
1.77315e-27
2.79328e-31
-2.97686e-29
-9.12888e-31
4.45889e-31
2.61817e-32
-6.03257e-33
-5.30493e-34
7.37183e-35
8.98545e-36
-8.0822e-37
-1.34251e-37
7.85401e-39
1.81447e-39
-6.50436e-41
-2.2468e-41
4.13635e-43
2.58091e-43
-1.07384e-45
-2.77351e-45
-2.20917e-47
2.76763e-47
5.07265e-49
-2.59256e-49
-7.16209e-51
2.26196e-51
8.0306e-53
-1.85821e-53
-7.83929e-55
1.41463e-55
6.82766e-57
-1.00809e-57
-5.25026e-59
6.67695e-60
3.64346e-61
-4.1179e-62
-2.28556e-63
2.33552e-64
1.28334e-65
-1.21097e-66
-6.3332e-68
5.7297e-69
2.71408e-70
-2.40431e-71
-9.7702e-73
8.95624e-74
3.02077e-75
-2.85171e-76
-7.19627e-78
7.50311e-79
1.24237e-80
-1.54272e-81
-1.27982e-83
2.22172e-84
2.05008e-87
-1.82519e-87
6.77241e-90
5.06947e-91
0.138146
0.0959072
0.0644854
0.0411992
0.0245783
0.0134595
0.00663397
0.00286735
0.00104286
0.000293552
4.8175e-05
-6.20163e-06
-7.91816e-06
-2.9873e-06
-5.44846e-07
3.43423e-08
5.21684e-08
1.39981e-08
6.96264e-10
-6.39412e-10
-1.89893e-10
-8.9737e-12
7.12802e-12
1.6858e-12
-1.08534e-14
-6.60076e-14
-8.82973e-15
1.08776e-15
4.07903e-16
1.17171e-17
-1.03686e-17
-1.26917e-18
1.565e-19
4.31149e-20
-4.97936e-22
-9.90106e-22
-5.11141e-23
1.72617e-23
1.93056e-24
-2.30318e-25
-4.60236e-26
2.07056e-27
8.71249e-28
-1.2212e-30
-1.40345e-29
-4.49511e-31
1.98663e-31
1.25157e-32
-2.49909e-33
-2.39664e-34
2.79373e-35
3.82551e-36
-2.74846e-37
-5.36891e-38
2.29547e-39
6.80326e-40
-1.46163e-41
-7.91952e-42
3.51833e-44
8.52453e-44
8.41825e-46
-8.54722e-46
-1.93447e-47
7.97602e-48
2.69573e-49
-6.90951e-50
-3.04191e-51
5.58237e-52
2.95928e-53
-4.21309e-54
-2.56106e-55
2.97456e-56
2.00868e-57
-1.96118e-58
-1.41703e-59
1.20653e-60
9.05877e-62
-6.85666e-63
-5.20171e-64
3.6024e-65
2.65571e-66
-1.75455e-67
-1.18913e-68
7.76006e-70
4.66987e-71
-3.0689e-72
-1.57209e-73
1.05152e-74
4.22022e-76
-3.11122e-77
-8.78935e-79
7.26642e-80
1.33253e-81
-1.29609e-82
-1.00227e-84
1.51413e-85
1.30491e-89
-8.11807e-89
3.31538e-91
0.140061
0.0993276
0.0683102
0.0448344
0.0276521
0.0157854
0.00819649
0.00378546
0.0015053
0.000486127
0.000109747
5.68398e-06
-8.88029e-06
-4.837e-06
-1.30884e-06
-1.13035e-07
6.23963e-08
2.94513e-08
4.86558e-09
-4.80152e-10
-4.08436e-10
-7.06881e-11
5.22284e-12
4.34586e-12
5.64393e-13
-8.23661e-14
-3.41565e-14
-1.90378e-15
8.94973e-16
1.67915e-16
-7.88479e-18
-5.52636e-18
-3.18073e-19
1.11212e-19
1.67695e-20
-1.26007e-21
-4.55164e-22
-3.83708e-24
8.87406e-24
5.84753e-25
-1.32109e-25
-1.7003e-26
1.46175e-27
3.45359e-28
-9.15738e-30
-5.70336e-30
-6.98892e-32
8.04507e-32
3.56645e-33
-9.96188e-34
-7.62065e-35
1.08658e-35
1.243e-36
-1.03017e-37
-1.7161e-38
8.2709e-40
2.11219e-40
-5.03965e-42
-2.35284e-42
1.2099e-44
2.3961e-44
2.40624e-46
-2.25903e-46
-5.13498e-48
1.97913e-48
6.75592e-50
-1.61411e-50
-7.13461e-52
1.22479e-52
6.5557e-54
-8.6883e-55
-5.36576e-56
5.71305e-57
3.8928e-58
-3.51065e-59
-2.5399e-60
2.02512e-61
1.48693e-62
-1.08717e-63
-7.87196e-65
5.43216e-66
3.6717e-67
-2.47726e-68
-1.50595e-69
1.02575e-70
5.19888e-72
-3.74183e-73
-1.53217e-74
1.18291e-75
3.42197e-77
-3.07422e-78
-5.66454e-80
6.16785e-81
5.02391e-83
-8.88362e-84
-6.81937e-87
7.61365e-87
-3.23672e-89
-2.22134e-90
0.141105
0.101167
0.070533
0.0471619
0.0298123
0.0175661
0.00949379
0.00461365
0.00196172
0.000697822
0.000188497
2.64133e-05
-6.96469e-06
-6.32035e-06
-2.26228e-06
-3.93695e-07
3.61173e-08
4.37921e-08
1.18626e-08
6.59654e-10
-5.52729e-10
-1.78418e-10
-1.20957e-11
6.25694e-12
1.78744e-12
5.39205e-14
-6.27749e-14
-1.16545e-14
5.57776e-16
4.58134e-16
3.82161e-17
-9.12431e-18
-2.01029e-18
4.37575e-20
5.38596e-20
3.50395e-21
-9.33384e-22
-1.43547e-22
9.21676e-24
3.39685e-24
3.21457e-26
-5.93283e-26
-3.70989e-27
8.0163e-28
9.70104e-29
-8.11535e-30
-1.78708e-30
4.74361e-32
2.67394e-32
2.87865e-34
-3.40648e-34
-1.41263e-35
3.79907e-36
2.73739e-37
-3.73004e-38
-4.0216e-39
3.18286e-40
5.00927e-41
-2.28921e-42
-5.48487e-43
1.27095e-44
5.4552e-45
-3.33197e-47
-4.98249e-47
-3.70362e-49
4.18519e-49
7.88032e-51
-3.26341e-51
-9.17692e-53
2.35778e-53
8.49936e-55
-1.59e-55
-6.70744e-57
1.00627e-57
4.64178e-59
-5.92465e-60
-2.82606e-61
3.28989e-62
1.54705e-63
-1.67882e-64
-7.49817e-66
7.84825e-67
3.16148e-68
-3.35319e-69
-1.16271e-70
1.26441e-71
3.51568e-73
-4.10643e-74
-7.99182e-76
1.12972e-76
1.2327e-78
-2.51337e-79
-7.76967e-82
4.17084e-82
-1.50922e-84
-4.26757e-85
3.90472e-87
2.24558e-88
-1.89241e-90
0.14132
0.101522
0.0712503
0.0482251
0.0310295
0.0187186
0.0104258
0.00526518
0.0023536
0.000898042
0.0002724
5.31873e-05
-1.97246e-06
-6.90896e-06
-3.16297e-06
-7.61806e-07
-3.52528e-08
4.8987e-08
1.97505e-08
2.87836e-09
-4.40187e-10
-2.92078e-10
-4.76065e-11
4.3523e-12
3.20831e-12
4.21234e-13
-5.98208e-14
-2.62742e-14
-1.7794e-15
6.52929e-16
1.41983e-16
-2.71709e-18
-4.35997e-18
-3.80761e-19
7.43068e-20
1.59412e-20
-3.55335e-22
-3.7618e-22
-2.05654e-23
6.03557e-24
7.85225e-25
-6.11697e-26
-1.72404e-26
8.11475e-29
2.81163e-28
1.23971e-29
-3.61486e-30
-3.33487e-31
3.65585e-32
5.86311e-33
-2.61808e-34
-8.23535e-35
5.37123e-37
9.88264e-37
2.20209e-38
-1.03231e-38
-4.94764e-40
9.61061e-41
7.1365e-42
-8.03184e-43
-8.39341e-44
5.96235e-45
8.59244e-46
-3.90937e-47
-7.9242e-48
2.19002e-49
6.59709e-50
-9.88584e-52
-5.06564e-52
2.65654e-54
3.60457e-54
8.11201e-57
-2.37696e-56
-1.80437e-58
1.46363e-58
1.63139e-60
-8.30022e-61
-1.04823e-62
4.31801e-63
5.28611e-65
-2.0455e-65
-2.11088e-67
8.92865e-68
6.02317e-70
-3.44494e-70
-9.4092e-73
1.15997e-72
-2.70026e-75
-3.36855e-75
2.46434e-77
7.8959e-78
-9.80644e-80
-1.3937e-80
2.45857e-82
1.7321e-83
-3.57932e-85
-1.13263e-86
2.51021e-88
1.96797e-90
0.140902
0.100815
0.0709055
0.0483249
0.0314394
0.0192567
0.0109459
0.00567748
0.00263041
0.00105483
0.000346164
8.06141e-05
5.08857e-06
-6.39562e-06
-3.75931e-06
-1.11947e-06
-1.36886e-07
4.0751e-08
2.55389e-08
5.55959e-09
-1.59009e-11
-3.5163e-10
-9.00526e-11
-2.51607e-12
3.94513e-12
9.11297e-13
-1.56959e-15
-3.70402e-14
-5.79956e-15
4.58069e-16
2.53933e-16
1.77076e-17
-5.35058e-18
-1.06965e-18
3.06997e-20
2.92192e-20
1.86804e-21
-4.91781e-22
-7.7522e-23
4.21109e-24
1.7704e-24
3.7013e-26
-2.8679e-26
-2.26156e-27
3.39276e-28
5.21506e-29
-2.53417e-30
-8.60549e-31
-1.90226e-33
1.137e-32
4.5966e-34
-1.24476e-34
-9.76076e-36
1.13293e-36
1.44065e-37
-8.27715e-39
-1.74773e-39
4.08486e-41
1.84082e-41
1.03725e-44
-1.72167e-43
-3.42534e-45
1.45909e-45
5.37605e-47
-1.13899e-47
-5.96394e-49
8.2203e-50
5.54408e-51
-5.50653e-52
-4.49293e-53
3.42959e-54
3.27894e-55
-2.00393e-56
-2.17158e-57
1.10203e-58
1.30839e-59
-5.76786e-61
-7.14459e-62
2.85875e-63
3.54608e-64
-1.33688e-65
-1.56153e-66
5.92506e-68
6.11144e-69
-2.40715e-70
-2.04158e-71
8.9233e-73
5.9461e-74
-2.84156e-75
-1.40884e-76
7.46019e-78
2.41001e-79
-1.55056e-80
-2.67811e-82
2.27767e-83
1.55806e-85
-1.87102e-86
-1.51492e-90
5.21015e-90
)
;

boundaryField
{
    back
    {
        type            empty;
    }
    top
    {
        type            zeroGradient;
    }
    right
    {
        type            cyclicAMI;
        value           nonuniform List<scalar> 
99
(
0.14105
0.100975
0.0709895
0.0483569
0.031475
0.019323
0.0110354
0.00576876
0.00270437
0.00110384
0.000372716
9.21159e-05
8.78317e-06
-5.73849e-06
-3.86935e-06
-1.25583e-06
-1.8975e-07
3.14587e-08
2.672e-08
6.77349e-09
2.94493e-10
-3.44238e-10
-1.08376e-10
-7.60385e-12
3.78725e-12
1.1399e-12
5.06286e-14
-3.77752e-14
-8.06612e-15
1.40288e-16
2.89938e-16
3.30045e-17
-4.62249e-18
-1.43558e-18
-2.76183e-20
3.30167e-20
3.64151e-21
-4.28669e-22
-1.1138e-22
3.65376e-25
2.16991e-24
1.35933e-25
-2.96904e-26
-4.01606e-27
2.58328e-28
7.55269e-29
-1.48529e-31
-1.08768e-30
-4.52991e-32
1.25877e-32
1.07283e-33
-1.16497e-34
-1.68925e-35
7.9387e-37
2.13541e-37
-2.40341e-39
-2.31231e-39
-3.54293e-41
2.20139e-41
8.41743e-43
-1.86453e-43
-1.12565e-44
1.42095e-45
1.20155e-46
-9.81211e-48
-1.10398e-48
6.14671e-50
9.10231e-51
-3.4784e-52
-6.80557e-53
1.76492e-54
4.64472e-55
-8.014e-57
-2.92049e-57
3.18845e-59
1.68908e-59
-1.21506e-61
-8.96761e-62
4.55769e-64
4.38367e-64
-2.01843e-66
-1.94138e-66
1.057e-68
7.66511e-69
-5.70452e-71
-2.64441e-71
2.98941e-73
7.88537e-74
-1.21649e-75
-1.95747e-76
3.92182e-78
3.81683e-79
-9.77825e-81
-5.31771e-82
1.65269e-83
4.59966e-85
-1.57319e-86
-1.60224e-88
5.0678e-90
)
;
    }
    bottom
    {
        type            zeroGradient;
    }
    left
    {
        type            cyclicAMI;
        value           nonuniform List<scalar> 
99
(
0.14105
0.100975
0.0709895
0.0483569
0.031475
0.019323
0.0110354
0.00576876
0.00270437
0.00110384
0.000372716
9.21159e-05
8.78317e-06
-5.73849e-06
-3.86935e-06
-1.25583e-06
-1.8975e-07
3.14587e-08
2.672e-08
6.77349e-09
2.94493e-10
-3.44238e-10
-1.08376e-10
-7.60385e-12
3.78725e-12
1.1399e-12
5.06286e-14
-3.77752e-14
-8.06612e-15
1.40288e-16
2.89938e-16
3.30045e-17
-4.62249e-18
-1.43558e-18
-2.76183e-20
3.30167e-20
3.64151e-21
-4.28669e-22
-1.1138e-22
3.65376e-25
2.16991e-24
1.35933e-25
-2.96904e-26
-4.01606e-27
2.58328e-28
7.55269e-29
-1.48529e-31
-1.08768e-30
-4.52991e-32
1.25877e-32
1.07283e-33
-1.16497e-34
-1.68925e-35
7.9387e-37
2.13541e-37
-2.40341e-39
-2.31231e-39
-3.54293e-41
2.20139e-41
8.41743e-43
-1.86453e-43
-1.12565e-44
1.42095e-45
1.20155e-46
-9.81211e-48
-1.10398e-48
6.14671e-50
9.10231e-51
-3.4784e-52
-6.80557e-53
1.76492e-54
4.64472e-55
-8.014e-57
-2.92049e-57
3.18845e-59
1.68908e-59
-1.21506e-61
-8.96761e-62
4.55769e-64
4.38367e-64
-2.01843e-66
-1.94138e-66
1.057e-68
7.66511e-69
-5.70452e-71
-2.64441e-71
2.98941e-73
7.88537e-74
-1.21649e-75
-1.95747e-76
3.92182e-78
3.81683e-79
-9.77825e-81
-5.31771e-82
1.65269e-83
4.59966e-85
-1.57319e-86
-1.60224e-88
5.0678e-90
)
;
    }
    front
    {
        type            empty;
    }
}


// ************************************************************************* //
