/*--------------------------------*- C++ -*----------------------------------*\
  =========                 |
  \\      /  F ield         | OpenFOAM: The Open Source CFD Toolbox
   \\    /   O peration     | Website:  https://openfoam.org
    \\  /    A nd           | Version:  7
     \\/     M anipulation  |
\*---------------------------------------------------------------------------*/
FoamFile
{
    version     2.0;
    format      ascii;
    class       volScalarField;
    location    "1123200.0";
    object      Cw;
}
// * * * * * * * * * * * * * * * * * * * * * * * * * * * * * * * * * * * * * //

dimensions      [1 -3 0 0 0 0 0];

internalField   nonuniform List<scalar> 
5346
(
0.000230716
0.000143624
8.83579e-05
5.20378e-05
2.87294e-05
1.45816e-05
6.64527e-06
2.62789e-06
8.48048e-07
1.90424e-07
7.58497e-09
-1.77131e-08
-9.71745e-09
-2.74845e-09
-2.78798e-10
1.24821e-10
6.68754e-11
1.29619e-11
-5.91019e-13
-9.74109e-13
-2.14078e-13
2.18211e-15
1.11462e-14
2.10918e-15
-9.57957e-17
-1.01196e-16
-1.22027e-17
1.80428e-18
6.4661e-19
2.46507e-20
-1.60932e-20
-2.43176e-21
1.7421e-22
7.69019e-23
2.76451e-24
-1.49036e-24
-1.76746e-25
1.71896e-26
4.65319e-27
-1.12058e-29
-8.38897e-29
-4.80836e-30
1.11126e-30
1.3593e-31
-1.00821e-32
-2.49643e-33
2.86113e-35
3.5684e-35
1.10919e-36
-4.16732e-37
-2.97629e-38
3.98918e-39
4.8759e-40
-2.95714e-41
-6.31415e-42
1.317e-43
6.9768e-44
5.24494e-46
-6.7613e-46
-2.12398e-47
5.82054e-48
3.13825e-49
-4.4882e-50
-3.52268e-51
3.10353e-52
3.33955e-53
-1.92003e-54
-2.81507e-55
1.05203e-56
2.14384e-57
-4.93795e-59
-1.47585e-59
1.89028e-61
9.32424e-62
-4.78969e-64
-5.40107e-64
6.4303e-68
2.86886e-66
8.90663e-69
-1.40615e-68
-6.24327e-71
6.29391e-71
2.85609e-73
-2.49987e-73
-8.17942e-76
8.7674e-76
1.20411e-79
-2.6268e-78
9.42822e-81
6.61982e-81
-5.38437e-83
-1.36173e-83
1.76797e-85
2.03577e-86
-3.51475e-88
-1.90642e-89
3.91599e-91
7.67894e-93
-1.41427e-94
0.000230993
0.000144236
8.86503e-05
5.2102e-05
2.87431e-05
1.46192e-05
6.70444e-06
2.6853e-06
8.88823e-07
2.12632e-07
1.66623e-08
-1.52774e-08
-9.58176e-09
-2.99457e-09
-4.14399e-10
9.17456e-11
6.69709e-11
1.59321e-11
3.70186e-13
-9.08969e-13
-2.6169e-13
-1.36121e-14
1.03192e-14
2.7748e-15
7.08704e-17
-1.02357e-16
-1.94227e-17
7.76411e-19
7.70127e-19
7.57653e-20
-1.39962e-20
-3.74792e-21
-2.19171e-23
9.33701e-23
9.26023e-24
-1.33381e-24
-3.13101e-25
3.44869e-27
6.50014e-27
3.86676e-28
-9.34472e-29
-1.26252e-29
8.28773e-31
2.51283e-31
4.48786e-34
-3.76545e-33
-1.87957e-34
4.41499e-35
4.47695e-36
-3.92361e-37
-7.24038e-38
2.09025e-39
9.37452e-40
7.96634e-42
-1.02585e-41
-4.06053e-43
9.61026e-44
6.83826e-45
-7.72439e-46
-8.54083e-47
5.19111e-48
8.96703e-49
-2.66148e-50
-8.22707e-51
6.52356e-53
6.73739e-53
6.1315e-55
-4.98718e-55
-1.15979e-56
3.38759e-57
1.22246e-58
-2.11074e-59
-9.9378e-61
1.21341e-61
6.8844e-63
-6.49434e-64
-4.23012e-65
3.20164e-66
2.28043e-67
-1.46169e-68
-1.09747e-69
6.16493e-71
4.59986e-72
-2.42016e-73
-1.688e-74
8.6249e-76
5.40297e-77
-2.69483e-78
-1.38804e-79
7.21998e-81
2.78785e-82
-1.59225e-83
-4.17942e-85
2.70511e-86
3.69559e-88
-3.12106e-89
-1.22199e-91
1.63001e-92
-2.68551e-95
0.000230757
0.000143913
8.82576e-05
5.17094e-05
2.84419e-05
1.4447e-05
6.637e-06
2.67575e-06
8.99334e-07
2.23813e-07
2.30019e-08
-1.29253e-08
-9.11928e-09
-3.06134e-09
-5.03739e-10
5.94367e-11
6.2974e-11
1.74467e-11
1.20952e-12
-7.72141e-13
-2.8337e-13
-2.79707e-14
8.31453e-15
3.1478e-15
2.46249e-16
-8.87916e-17
-2.49657e-17
-6.31445e-19
7.84989e-19
1.28705e-19
-8.00989e-21
-4.75448e-21
-3.09941e-22
9.30931e-23
1.69791e-23
-6.43039e-25
-4.42203e-25
-2.26014e-26
7.38918e-27
9.94264e-28
-7.05818e-29
-2.27839e-29
-1.99945e-31
3.70706e-31
2.42542e-32
-4.45841e-33
-5.93171e-34
3.55837e-35
9.96229e-36
-3.94032e-38
-1.31944e-37
-4.79958e-39
1.4306e-39
1.09188e-40
-1.26634e-41
-1.63159e-42
8.55646e-44
1.97021e-44
-3.06785e-46
-2.02772e-46
-2.29647e-48
1.82323e-48
6.26279e-50
-1.44812e-50
-8.28159e-52
1.02319e-52
8.38056e-54
-6.4133e-55
-7.19536e-56
3.53682e-57
5.43963e-58
-1.68384e-59
-3.7087e-60
6.57054e-62
2.27235e-62
-1.87884e-64
-1.25676e-64
1.80599e-67
6.39864e-67
2.0671e-69
-2.91741e-69
-1.80961e-71
1.19296e-71
8.03796e-74
-4.40063e-74
-2.42914e-76
1.4204e-76
4.67746e-79
-3.85984e-79
-5.34967e-83
8.64673e-82
-3.16405e-84
-1.5064e-84
1.23637e-86
1.84645e-87
-2.29073e-89
-1.28613e-90
1.81905e-92
2.48318e-94
0.000230084
0.000142562
8.68686e-05
5.05909e-05
2.76754e-05
1.39968e-05
6.41527e-06
2.58884e-06
8.76109e-07
2.22911e-07
2.62479e-08
-1.08058e-08
-8.37925e-09
-2.94996e-09
-5.37621e-10
3.29828e-11
5.59558e-11
1.73364e-11
1.75868e-12
-6.00375e-13
-2.75716e-13
-3.73587e-14
5.70321e-15
3.13105e-15
3.80657e-16
-6.39377e-17
-2.70247e-17
-2.01555e-18
6.70351e-19
1.6582e-19
6.86588e-22
-4.98789e-21
-6.1098e-22
6.91908e-23
2.32098e-23
5.68141e-25
-4.97263e-25
-5.65412e-26
6.04558e-27
1.64304e-27
2.92351e-30
-3.10166e-29
-2.1427e-30
4.07174e-31
6.10111e-32
-3.07909e-33
-1.12647e-33
-1.27987e-35
1.57855e-35
9.35032e-37
-1.7199e-37
-1.97998e-38
1.36854e-39
2.98547e-40
-5.08244e-42
-3.63669e-42
-6.74592e-44
3.72627e-44
1.85748e-45
-3.24551e-46
-2.74051e-47
2.37795e-48
3.1392e-49
-1.38544e-50
-3.02228e-51
5.26057e-53
2.56288e-53
6.40151e-56
-1.94386e-55
-3.61746e-57
1.32109e-57
4.30679e-59
-8.09345e-60
-3.67238e-61
4.54477e-62
2.57678e-63
-2.32669e-64
-1.55415e-65
1.08029e-66
8.24801e-68
-4.63474e-69
-3.81287e-70
1.81122e-71
1.54303e-72
-6.46342e-74
-5.37921e-75
2.06987e-76
1.5834e-77
-5.9153e-79
-3.80708e-80
1.44137e-81
7.0954e-83
-2.85082e-84
-9.72249e-86
4.0298e-87
8.50343e-89
-3.47634e-90
-2.92444e-92
8.21045e-94
0.000228812
0.000140068
8.43642e-05
4.86229e-05
2.63541e-05
1.32227e-05
6.02145e-06
2.41936e-06
8.18156e-07
2.09871e-07
2.64022e-08
-8.96498e-09
-7.40488e-09
-2.6775e-09
-5.16897e-10
1.48438e-11
4.71197e-11
1.5769e-11
1.94678e-12
-4.31761e-13
-2.43257e-13
-3.99813e-14
3.21549e-15
2.76191e-15
4.38226e-16
-3.60922e-17
-2.51334e-17
-2.92247e-18
4.67552e-19
1.7409e-19
9.03257e-21
-4.31843e-21
-8.11027e-22
2.81684e-23
2.51764e-23
1.89855e-24
-4.35146e-25
-8.54285e-26
2.28037e-27
2.03955e-27
1.14924e-28
-3.18426e-29
-4.48491e-30
2.78075e-31
9.73973e-32
1.32834e-33
-1.52056e-33
-1.07314e-34
1.74337e-35
2.48689e-36
-1.25536e-37
-4.01995e-38
-1.4132e-40
5.1131e-40
2.27398e-41
-5.26418e-42
-4.62214e-43
4.29892e-44
6.54729e-45
-2.44244e-46
-7.46142e-47
2.43698e-49
7.26065e-49
1.68183e-50
-6.13614e-51
-2.90908e-52
4.51242e-53
3.30741e-54
-2.89461e-55
-3.03699e-56
1.59286e-57
2.4039e-58
-7.23185e-60
-1.66574e-60
2.43688e-62
1.03157e-62
-3.35977e-65
-5.66955e-65
-2.85386e-67
2.80105e-67
3.05568e-69
-1.23831e-69
-1.85953e-71
4.91017e-72
8.03324e-74
-1.73251e-74
-2.88295e-76
5.20938e-77
7.67522e-79
-1.32039e-79
-1.5874e-81
2.67909e-82
1.87184e-84
-4.24087e-85
-8.19449e-88
4.42477e-88
-1.13977e-90
-2.10683e-91
9.21665e-94
0.000226766
0.000136217
8.06193e-05
4.57392e-05
2.4445e-05
1.21119e-05
5.45433e-06
2.17006e-06
7.27979e-07
1.85995e-07
2.38685e-08
-7.37847e-09
-6.24942e-09
-2.27735e-09
-4.51024e-10
4.95369e-12
3.75306e-11
1.31458e-11
1.80597e-12
-2.91416e-13
-1.95371e-13
-3.63049e-14
1.37839e-15
2.17656e-15
4.13775e-16
-1.3478e-17
-2.03176e-17
-3.11303e-18
2.5389e-19
1.53184e-19
1.39772e-20
-3.06406e-21
-8.36706e-22
-1.26353e-23
2.21477e-23
2.77903e-24
-2.80463e-25
-9.60588e-26
-2.37769e-27
1.95692e-27
2.16694e-28
-2.33035e-29
-6.11716e-30
2.39225e-33
1.1345e-31
7.48173e-33
-1.47556e-33
-2.13726e-34
1.12382e-35
3.92326e-36
4.03837e-38
-5.45323e-38
-3.22205e-39
5.86514e-40
6.8197e-41
-4.50791e-42
-1.01849e-42
1.35803e-44
1.2149e-44
2.81714e-46
-1.2051e-46
-6.77926e-48
9.9897e-49
9.49302e-50
-6.75004e-51
-1.04104e-51
3.32322e-53
9.62022e-54
-5.69787e-56
-7.66171e-56
-1.06278e-57
5.37998e-58
1.67239e-59
-3.36817e-60
-1.57693e-61
1.87304e-62
1.17352e-63
-9.28641e-65
-7.33984e-66
4.0963e-67
3.8875e-68
-1.61617e-69
-1.77608e-70
5.75712e-72
7.08265e-73
-1.86043e-74
-2.3972e-75
5.51108e-77
6.86084e-78
-1.45461e-79
-1.55703e-80
3.3312e-82
2.8054e-83
-5.91603e-85
-3.51285e-86
7.35112e-88
2.46093e-89
-4.77754e-91
-5.62477e-93
0.000223672
0.000130626
7.54037e-05
4.18614e-05
2.19469e-05
1.06857e-05
4.73386e-06
1.85405e-06
6.12465e-07
1.54098e-07
1.94472e-08
-5.97107e-09
-4.98465e-09
-1.79925e-09
-3.56415e-10
1.32591e-12
2.80579e-11
9.99379e-12
1.44513e-12
-1.87468e-13
-1.42559e-13
-2.85259e-14
3.38997e-16
1.53632e-15
3.30904e-16
-1.27744e-19
-1.43651e-17
-2.6721e-18
9.33192e-20
1.14514e-19
1.44143e-20
-1.75146e-21
-7.02188e-22
-3.73702e-23
1.59308e-23
2.886e-24
-1.09285e-25
-8.51546e-26
-5.71302e-27
1.46856e-27
2.59501e-28
-9.85654e-30
-6.20963e-30
-2.81449e-31
9.95632e-32
1.22539e-32
-9.65764e-34
-2.74542e-34
-7.41705e-37
4.40611e-36
2.61191e-37
-5.24708e-38
-6.53126e-39
4.14935e-40
1.09161e-40
-4.90988e-43
-1.41618e-42
-5.34245e-44
1.47914e-44
1.18392e-45
-1.2202e-46
-1.71156e-47
7.0459e-49
1.95618e-49
-9.39707e-52
-1.8698e-51
-4.2693e-53
1.5334e-53
7.40041e-55
-1.08661e-55
-8.2642e-57
6.49325e-58
7.23853e-59
-3.22987e-60
-5.3978e-61
1.22494e-62
3.47275e-63
-2.55307e-65
-1.96704e-65
-8.26563e-68
9.80355e-68
1.25965e-69
-4.33872e-70
-8.26151e-72
1.67664e-72
3.92992e-74
-5.56134e-75
-1.44218e-76
1.58003e-77
3.98041e-79
-3.73459e-80
-8.2782e-82
7.01358e-83
1.18457e-84
-9.56978e-86
-9.60683e-88
7.74447e-89
1.88204e-91
-2.32207e-92
0.000218823
0.000122537
6.83936e-05
3.69446e-05
1.89114e-05
9.00405e-06
3.9027e-06
1.49524e-06
4.82692e-07
1.18294e-07
1.42151e-08
-4.65951e-09
-3.70473e-09
-1.30441e-09
-2.53047e-10
1.08799e-12
1.94096e-11
6.85561e-12
1.00335e-12
-1.15611e-13
-9.36959e-14
-1.94583e-14
-7.10867e-17
9.67594e-16
2.2633e-16
4.78074e-18
-8.88342e-18
-1.90429e-18
7.00015e-21
7.30438e-20
1.14808e-20
-7.72519e-22
-4.87955e-22
-4.16836e-23
9.35267e-24
2.33382e-24
9.44659e-27
-6.08228e-26
-6.53281e-27
8.44585e-28
2.32629e-28
1.63716e-30
-4.91921e-30
-4.3325e-31
6.57034e-32
1.33124e-32
-2.89639e-34
-2.61032e-34
-1.18819e-35
3.66904e-36
4.13089e-37
-3.42592e-38
-8.1947e-39
7.35913e-41
1.20642e-40
4.82658e-42
-1.38662e-42
-1.2414e-43
1.20045e-44
1.98821e-45
-6.20448e-47
-2.48319e-47
-2.15441e-49
2.54165e-49
1.05214e-50
-2.16854e-51
-1.64364e-52
1.51853e-53
1.85873e-54
-8.17299e-56
-1.71747e-56
2.51134e-58
1.35497e-58
9.04416e-61
-9.22273e-61
-2.247e-62
5.48041e-63
2.18279e-64
-2.85319e-65
-1.55531e-66
1.29901e-67
9.0696e-69
-5.14647e-70
-4.37499e-71
1.78372e-72
1.75589e-73
-5.39808e-75
-5.93511e-76
1.41796e-77
1.64089e-78
-3.18219e-80
-3.56661e-81
6.01001e-83
5.93458e-84
-8.68704e-86
-6.34872e-87
8.28923e-89
3.50918e-90
-2.66685e-92
0.000211545
0.000111508
5.94971e-05
3.1088e-05
1.54726e-05
7.17039e-06
3.02362e-06
1.12575e-06
3.52407e-07
8.32676e-08
9.26166e-09
-3.40156e-09
-2.51859e-09
-8.54225e-10
-1.595e-10
1.69757e-12
1.21704e-11
4.17772e-12
6.01075e-13
-6.73434e-14
-5.46109e-14
-1.14442e-14
-1.36761e-16
5.37364e-16
1.3202e-16
4.6776e-18
-4.76986e-18
-1.13458e-18
-2.11265e-20
3.9599e-20
7.35993e-21
-2.30758e-22
-2.81723e-22
-3.22265e-23
4.41724e-24
1.51518e-24
5.56669e-26
-3.51803e-26
-5.27219e-27
3.49118e-28
1.62741e-28
6.9997e-30
-3.05973e-30
-4.1244e-31
3.07936e-32
1.07587e-32
1.96432e-34
-1.8932e-34
-1.6463e-35
2.26329e-36
4.21087e-37
-1.19315e-38
-7.38558e-39
-2.25409e-40
9.81353e-41
8.24444e-42
-9.60511e-43
-1.55865e-43
5.48444e-45
2.19939e-45
2.443e-47
-2.48421e-47
-1.21898e-48
2.2885e-49
2.09467e-50
-1.64504e-51
-2.5908e-52
7.77054e-54
2.59348e-54
2.25141e-57
-2.18425e-56
-5.49106e-58
1.58104e-58
7.59245e-60
-9.80035e-61
-7.0648e-62
5.16312e-63
5.29953e-64
-2.24806e-65
-3.31003e-66
7.71789e-68
1.77582e-68
-1.75689e-70
-8.19236e-71
4.17179e-74
3.22782e-73
1.88628e-75
-1.05536e-75
-1.01356e-77
2.9147e-78
3.32833e-80
-6.37162e-81
-6.95489e-83
1.03774e-83
9.17717e-86
-1.15429e-86
-6.21312e-89
6.65372e-90
1.10727e-92
0.000200841
9.74368e-05
4.89593e-05
2.45885e-05
1.18557e-05
5.32324e-06
2.17101e-06
7.80307e-07
2.3518e-07
5.31382e-08
5.36983e-09
-2.23494e-09
-1.52941e-09
-4.95432e-10
-8.79266e-11
1.79264e-12
6.72732e-12
2.21361e-12
3.06595e-13
-3.56335e-14
-2.75667e-14
-5.71102e-15
-8.76516e-17
2.57376e-16
6.47567e-17
2.90503e-18
-2.1829e-18
-5.60589e-19
-1.98547e-20
1.79741e-20
3.82502e-21
-1.73614e-23
-1.33869e-22
-1.90245e-23
1.61014e-24
7.93342e-25
5.17948e-26
-1.6313e-26
-3.25224e-27
7.92396e-29
9.03062e-29
6.86137e-30
-1.4844e-30
-2.87142e-31
8.1526e-33
6.71359e-33
3.53857e-34
-1.05822e-34
-1.42394e-35
9.74978e-37
3.15684e-37
3.00388e-39
-5.05098e-39
-3.38488e-40
5.93303e-41
8.2165e-42
-4.40563e-43
-1.36522e-43
-4.40267e-46
1.76609e-45
8.18002e-47
-1.81342e-47
-1.67964e-48
1.42419e-49
2.35776e-50
-6.90181e-52
-2.63795e-52
-1.59346e-54
2.45182e-54
8.52316e-56
-1.92341e-56
-1.22256e-57
1.25535e-58
1.24149e-59
-6.59502e-61
-1.01939e-61
2.51519e-63
7.01533e-64
-3.79277e-66
-4.14656e-66
-3.78368e-68
2.11662e-68
4.37731e-70
-9.31676e-71
-2.83336e-72
3.49866e-73
1.31756e-74
-1.11784e-75
-4.6633e-77
2.96164e-78
1.28695e-79
-6.53802e-81
-2.66109e-82
1.10576e-83
3.78182e-85
-1.2324e-86
-3.05346e-88
6.93532e-90
6.95269e-92
0.000183444
7.9166e-05
3.72876e-05
1.80323e-05
8.38172e-06
3.62357e-06
1.42125e-06
4.90606e-07
1.41766e-07
3.05929e-08
2.86614e-09
-1.24791e-09
-8.02671e-10
-2.48058e-10
-4.16433e-11
1.25223e-12
3.15942e-12
9.89663e-13
1.30206e-13
-1.61524e-14
-1.16348e-14
-2.34982e-15
-3.71121e-17
1.02421e-16
2.59409e-17
1.33252e-18
-8.20998e-19
-2.23869e-19
-1.10502e-20
6.60058e-21
1.58624e-21
2.8876e-23
-5.08818e-23
-8.72642e-24
3.99253e-25
3.29642e-25
3.08078e-26
-5.84896e-27
-1.5578e-27
-1.47058e-29
3.93778e-29
4.35535e-30
-5.41235e-31
-1.52442e-31
-1.08843e-33
3.25476e-33
2.83932e-34
-4.47176e-35
-8.91557e-36
2.26484e-37
1.79854e-37
7.57985e-39
-2.62854e-39
-2.81789e-40
2.61458e-41
5.81386e-42
-8.66036e-44
-8.86128e-44
-3.08076e-45
1.05784e-45
8.75619e-47
-9.65398e-48
-1.46807e-48
5.60998e-50
1.87691e-50
5.7823e-53
-1.95703e-52
-7.00349e-54
1.697e-54
1.16157e-55
-1.20408e-56
-1.33434e-57
6.61672e-59
1.22518e-59
-2.2565e-61
-9.50047e-62
-3.46817e-64
6.29546e-64
1.33623e-65
-3.55843e-66
-1.29035e-67
1.71841e-68
8.68583e-70
-7.12173e-71
-4.53288e-72
2.54105e-73
1.95662e-74
-7.61386e-76
-6.88093e-77
1.87002e-78
1.89343e-79
-3.79885e-81
-3.91563e-82
6.15881e-84
5.80498e-85
-7.27579e-87
-4.8074e-88
4.50029e-90
1.26174e-91
0.000147327
5.87303e-05
2.57179e-05
1.18829e-05
5.28527e-06
2.18346e-06
8.16975e-07
2.6838e-07
7.35368e-08
1.49233e-08
1.22983e-09
-6.06239e-10
-3.56287e-10
-1.0371e-10
-1.64726e-11
5.48128e-13
1.18731e-12
3.54942e-13
4.42085e-14
-5.76103e-15
-3.8608e-15
-7.53635e-16
-1.14264e-17
3.15711e-17
7.97585e-18
4.5603e-19
-2.34581e-19
-6.79445e-20
-4.34533e-21
1.80517e-21
4.98294e-22
2.10733e-23
-1.43718e-23
-3.02637e-24
2.80694e-26
1.03093e-25
1.3145e-26
-1.45494e-27
-5.66107e-28
-2.43976e-29
1.28723e-29
1.99606e-30
-1.29267e-31
-6.1462e-32
-2.50357e-33
1.19083e-33
1.53759e-34
-1.32473e-35
-4.17595e-36
-3.92333e-38
7.75927e-38
5.86978e-39
-1.01649e-39
-1.63439e-40
7.4276e-42
3.04879e-42
4.86958e-44
-4.3407e-44
-2.8656e-45
4.73087e-46
6.02982e-47
-3.54294e-48
-9.10125e-49
6.49284e-51
1.09549e-50
3.28862e-52
-1.07913e-52
-7.07624e-54
8.60769e-55
9.48796e-56
-5.26082e-57
-9.94676e-58
1.90793e-59
8.64784e-60
5.28943e-62
-6.35464e-62
-1.72298e-63
4.00542e-64
1.84197e-65
-2.16571e-66
-1.41502e-67
9.88313e-69
8.56978e-70
-3.78342e-71
-4.33346e-72
1.17999e-73
1.78993e-74
-2.92443e-76
-6.12753e-77
5.39242e-79
1.6749e-79
-7.02581e-82
-3.46517e-82
6.6366e-85
5.04277e-85
-1.04059e-87
-4.43693e-88
9.71608e-91
1.38461e-91
9.51173e-05
3.64331e-05
1.4945e-05
6.69014e-06
2.83685e-06
1.11309e-06
3.93949e-07
1.21662e-07
3.10092e-08
5.68913e-09
3.14945e-10
-2.68306e-10
-1.32647e-10
-3.48524e-11
-4.96756e-12
2.40614e-13
3.47947e-13
9.47837e-14
1.06443e-14
-1.49679e-15
-8.83365e-16
-1.61882e-16
-2.54969e-18
6.21728e-18
1.56657e-18
1.05915e-19
-3.95078e-20
-1.29127e-20
-1.17572e-21
2.70646e-22
1.00111e-22
8.46133e-24
-2.30099e-24
-7.08314e-25
-3.04111e-26
2.03087e-26
3.9347e-27
-1.36318e-28
-1.41684e-28
-1.28747e-29
2.69211e-30
6.52418e-31
-6.30599e-33
-1.76371e-32
-1.47158e-33
2.967e-34
5.92318e-35
-1.89982e-36
-1.42466e-36
-6.53366e-38
2.41342e-38
2.89041e-39
-2.64827e-40
-6.85792e-41
5.60717e-43
1.18144e-42
5.53232e-44
-1.5587e-44
-1.61792e-45
1.48835e-46
2.94692e-47
-7.04855e-49
-4.14488e-49
-8.02075e-51
4.71111e-51
2.69752e-52
-4.34637e-53
-4.40076e-54
3.0859e-55
5.35556e-56
-1.37765e-57
-5.28641e-58
-1.94371e-60
4.42658e-60
1.20474e-61
-3.12271e-62
-1.54456e-63
1.87947e-64
1.37912e-65
-9.48557e-67
-9.7355e-68
3.91362e-69
5.68351e-70
-1.25303e-71
-2.76741e-72
2.65508e-74
1.12485e-74
-1.12094e-77
-3.79408e-77
-1.82106e-79
1.03036e-79
8.16095e-82
-2.20026e-82
-1.86067e-84
3.27852e-85
2.36857e-87
-2.92572e-88
-9.19204e-91
8.70667e-92
5.30182e-05
1.64944e-05
6.79565e-06
3.01973e-06
1.20934e-06
4.48771e-07
1.48478e-07
4.22286e-08
9.6297e-09
1.44185e-09
-2.45387e-11
-1.02507e-10
-3.82231e-11
-8.21985e-12
-8.76535e-13
1.01384e-13
6.68244e-14
1.36142e-14
9.46387e-16
-2.13986e-16
-6.67509e-17
-7.02393e-18
-1.25799e-19
9.80672e-21
3.08607e-22
8.30257e-21
3.26878e-21
2.11107e-22
-1.57685e-22
-4.09783e-23
9.93935e-25
2.1002e-24
2.61655e-25
-5.41128e-26
-1.77838e-26
-7.8473e-29
6.61069e-28
7.79646e-29
-1.44328e-29
-4.10511e-30
4.86688e-32
1.30265e-31
1.06486e-32
-2.71132e-33
-5.19902e-34
2.74342e-35
1.5117e-35
4.95512e-37
-3.09869e-37
-3.29188e-38
4.37885e-39
9.59896e-40
-2.59398e-41
-1.97898e-41
-6.69433e-43
3.10922e-43
2.79128e-44
-3.63537e-45
-6.1886e-46
2.56481e-47
1.01674e-47
8.7047e-50
-1.3384e-49
-6.54509e-51
1.42358e-51
1.32134e-52
-1.18361e-53
-1.87161e-54
6.6534e-56
2.12986e-56
-3.17351e-59
-2.01732e-58
-5.10208e-60
1.6204e-60
8.0565e-62
-1.09768e-62
-8.32456e-64
6.18231e-65
6.83013e-66
-2.80273e-67
-4.61964e-68
9.29135e-70
2.61017e-70
-1.55005e-72
-1.26039e-72
-5.5429e-75
5.08912e-75
5.94084e-77
-1.67266e-77
-2.75627e-79
4.5741e-80
8.43741e-82
-9.84447e-83
-1.77783e-84
1.48559e-85
2.21547e-87
-1.41624e-88
-1.23029e-90
4.38939e-92
2.16658e-05
3.80392e-06
2.32853e-06
9.58485e-07
3.6108e-07
1.25818e-07
3.7585e-08
9.23302e-09
1.61242e-09
8.30248e-11
-6.58954e-11
-2.87617e-11
-6.20888e-12
-5.55849e-13
8.42557e-14
2.89136e-14
-1.94281e-15
-2.82535e-15
-5.74544e-16
5.55272e-17
5.64163e-17
1.22446e-17
4.43555e-20
-6.18633e-19
-1.49234e-19
-5.11116e-21
5.44539e-21
1.30709e-21
2.99523e-23
-4.49793e-23
-8.72171e-24
2.21029e-25
3.32691e-25
3.92219e-26
-5.45538e-27
-1.86907e-27
-5.22709e-29
4.76363e-29
6.16864e-30
-7.09271e-31
-2.22396e-31
3.50991e-34
5.52027e-33
3.72084e-34
-1.06548e-34
-1.50155e-35
1.5657e-36
4.20854e-37
-1.18346e-38
-9.64499e-39
-2.33158e-40
1.86874e-40
1.37626e-41
-2.96664e-42
-3.97719e-43
3.58493e-44
8.58523e-45
-2.27334e-46
-1.5014e-46
-2.71838e-48
2.16928e-48
1.25647e-49
-2.56031e-50
-2.65769e-51
2.36382e-52
4.14516e-53
-1.4556e-54
-5.2627e-55
2.08343e-58
5.60077e-57
1.54429e-58
-5.02731e-59
-2.71502e-60
3.81274e-61
3.20532e-62
-2.41296e-63
-2.94664e-64
1.19611e-65
2.2712e-66
-4.04635e-68
-1.48313e-68
2.61884e-71
8.15469e-71
8.54848e-73
-3.87504e-73
-7.57286e-75
1.54698e-75
3.96643e-77
-5.05714e-78
-1.53645e-79
1.37253e-80
4.29324e-82
-2.91918e-83
-8.53429e-85
4.53099e-86
1.09906e-87
-4.34645e-89
-6.2145e-91
1.38684e-92
4.05932e-06
-2.53348e-07
5.7539e-07
1.20232e-07
5.36752e-08
1.45749e-08
2.84333e-09
6.55434e-11
-2.34812e-10
-1.1319e-10
-2.92754e-11
-2.92923e-12
1.0644e-12
5.81962e-13
1.20257e-13
-6.61543e-16
-8.51478e-15
-2.72843e-15
-3.23354e-16
6.1091e-17
3.47549e-17
6.22568e-18
-8.63836e-20
-3.07973e-19
-6.8836e-20
-2.35978e-21
2.34102e-21
5.79345e-22
2.35239e-23
-1.75105e-23
-4.03019e-24
-6.40429e-26
1.29719e-25
2.22165e-26
-9.8047e-28
-8.37204e-28
-7.98972e-29
1.47381e-29
4.01136e-30
3.71455e-32
-1.03587e-31
-1.11423e-32
1.53155e-33
4.00786e-34
-2.04516e-36
-9.02939e-36
-6.21588e-37
1.42652e-37
2.16624e-38
-1.3873e-39
-4.82263e-40
-1.09042e-42
8.28788e-42
4.12204e-43
-1.16433e-43
-1.12734e-44
1.35569e-45
2.17728e-46
-1.2334e-47
-3.48803e-48
7.06185e-50
4.87826e-50
4.07254e-52
-6.1675e-52
-2.07671e-53
6.97314e-54
4.09017e-55
-7.10313e-56
-6.03197e-57
6.30204e-58
7.48944e-59
-4.69942e-60
-7.93526e-61
2.70738e-62
7.50415e-63
-1.00078e-64
-6.04127e-65
-2.21514e-67
4.28321e-67
7.70644e-69
-2.65493e-69
-7.84653e-71
1.39909e-71
5.60908e-73
-6.39306e-74
-3.12158e-75
2.50164e-76
1.35949e-77
-8.0839e-79
-4.70626e-80
2.16312e-81
1.28148e-82
-4.52324e-84
-2.40345e-85
7.40248e-87
3.12762e-88
-7.34068e-90
-1.81712e-91
2.4645e-93
-4.84869e-07
-1.79364e-07
2.18687e-08
-4.32537e-08
-6.81224e-09
-5.78679e-09
-2.17237e-09
-8.22459e-10
-2.41718e-10
-5.12275e-11
-4.22128e-12
2.11779e-12
1.1808e-12
3.12127e-13
3.80564e-14
-5.74508e-15
-4.11133e-15
-9.65559e-16
-7.01728e-17
2.83356e-17
1.10304e-17
1.57753e-18
-8.86031e-20
-8.84566e-20
-1.70826e-20
-3.13149e-22
6.04553e-22
1.4117e-22
6.15989e-24
-4.07477e-24
-1.01266e-24
-3.81797e-26
2.95135e-26
6.28451e-27
-8.62175e-30
-2.10188e-28
-2.96795e-29
2.5668e-30
1.22765e-30
7.20698e-32
-2.67686e-32
-4.83124e-33
2.14768e-34
1.43212e-34
7.83599e-36
-2.68504e-36
-3.99647e-37
2.71545e-38
1.04302e-38
2.01152e-40
-1.90905e-40
-1.61975e-41
2.45992e-42
4.30182e-43
-1.7201e-44
-7.95881e-45
-1.35668e-46
1.14352e-46
7.38299e-48
-1.2914e-48
-1.53883e-49
1.05816e-50
2.36222e-51
-4.24846e-53
-2.92596e-53
-4.94232e-55
3.0285e-55
1.39911e-56
-2.64715e-57
-2.04442e-58
1.9445e-59
2.25107e-60
-1.13403e-61
-2.08226e-62
5.27339e-64
1.62669e-64
-1.08492e-66
-1.11835e-66
-7.98043e-69
6.81575e-69
1.14567e-70
-3.64435e-71
-8.90445e-73
1.70993e-73
5.3801e-75
-7.09216e-76
-2.3811e-77
2.52443e-78
8.07581e-80
-7.34458e-81
-2.3667e-82
1.90534e-83
5.28581e-85
-3.17931e-86
-6.47422e-88
4.26035e-89
5.09641e-91
-2.6325e-92
-1.92937e-94
-2.07423e-07
-3.31891e-08
-2.47791e-08
-1.79815e-08
-5.73795e-09
-3.22839e-09
-9.57324e-10
-3.06545e-10
-6.47864e-11
-7.24992e-12
1.87056e-12
1.33318e-12
4.12304e-13
7.26129e-14
2.17521e-15
-3.10708e-15
-1.06982e-15
-1.59308e-16
4.62989e-18
7.85942e-18
1.72511e-18
1.05767e-19
-3.78326e-20
-1.19913e-20
-1.3139e-21
1.04908e-22
6.38321e-23
1.10185e-23
4.71368e-25
-2.93094e-25
-9.36984e-26
-9.97244e-27
1.92112e-27
8.23871e-28
7.13903e-29
-2.0888e-29
-5.92298e-30
-8.72335e-32
1.93028e-31
2.66531e-32
-3.00577e-33
-1.12864e-33
-2.97118e-35
2.82245e-35
3.40732e-36
-4.15682e-37
-1.18083e-37
2.38317e-40
2.6737e-39
1.92555e-40
-4.24678e-41
-6.73379e-42
3.86755e-43
1.49638e-43
1.91278e-45
-2.49171e-45
-1.65826e-46
3.14936e-47
4.14567e-48
-2.74245e-49
-7.18281e-50
6.21712e-52
9.85685e-52
3.16986e-53
-1.09735e-53
-7.8304e-55
9.79941e-56
1.18913e-56
-6.5598e-58
-1.40907e-58
2.30064e-60
1.37195e-60
1.60001e-62
-1.13605e-62
-3.9479e-64
7.96952e-65
4.57572e-66
-4.72132e-67
-3.93974e-68
2.34182e-69
2.73836e-70
-9.42088e-72
-1.57223e-72
2.7534e-74
7.78114e-75
-4.77922e-77
-3.17028e-77
-4.69815e-80
1.04352e-79
7.83048e-82
-2.88572e-82
-2.54211e-84
6.19714e-85
6.66473e-87
-9.1966e-88
-8.15725e-90
8.56824e-91
4.03496e-93
-3.1841e-94
2.13148e-06
-8.35318e-07
1.86211e-07
-3.43578e-08
3.66503e-09
-1.17873e-09
-6.96361e-11
-4.72847e-11
-1.0503e-12
1.94971e-12
1.18191e-12
3.41524e-13
5.65716e-14
2.23952e-16
-2.73171e-15
-7.75698e-16
-7.23649e-17
1.99915e-17
7.7677e-18
6.67704e-19
-2.47579e-19
-8.56985e-20
-6.01313e-21
2.74934e-21
8.4921e-22
4.92378e-23
-2.6467e-23
-6.84909e-24
-1.62082e-25
2.30643e-25
4.1927e-26
-1.92396e-27
-1.67595e-27
-1.51983e-28
3.44899e-29
8.41068e-30
-1.58197e-31
-2.5556e-31
-1.77759e-32
5.63083e-33
9.14122e-34
-8.71287e-35
-3.02278e-35
3.17897e-37
8.02617e-37
4.1448e-38
-1.73679e-38
-2.05753e-39
2.83635e-40
6.37942e-41
-2.57477e-42
-1.50896e-42
-3.17478e-44
2.81581e-44
2.10133e-45
-4.1049e-46
-5.74314e-47
4.18548e-48
1.13629e-48
-1.4638e-50
-1.78019e-50
-5.41806e-52
2.26726e-52
1.6226e-53
-2.31548e-54
-2.85744e-55
1.77108e-56
3.87079e-57
-7.27224e-59
-4.31426e-59
-5.09897e-61
4.0257e-61
1.52835e-62
-3.18229e-63
-2.05719e-64
2.11545e-65
2.01274e-66
-1.14296e-67
-1.61143e-68
4.72918e-70
1.07714e-70
-1.19211e-72
-6.03459e-73
-1.45177e-75
2.91864e-75
3.55775e-77
-1.17804e-77
-2.20718e-79
3.87347e-80
9.27914e-82
-1.06321e-82
-2.66673e-84
2.26393e-85
5.43972e-87
-3.47073e-88
-7.04833e-90
3.31556e-91
3.97959e-93
-1.2271e-94
1.16973e-05
-2.13485e-06
3.4361e-07
-5.53746e-08
8.68122e-09
-1.22734e-09
1.85966e-10
-1.25139e-11
6.2291e-12
8.77955e-13
2.54269e-13
5.24948e-15
-1.35449e-14
-5.57519e-15
-1.01573e-15
1.11335e-17
6.61671e-17
1.97003e-17
1.9323e-18
-5.27954e-19
-2.42561e-19
-3.65668e-20
2.35558e-21
2.20682e-21
4.08969e-22
-2.4163e-24
-1.72304e-23
-3.42561e-24
-8.768e-27
1.26463e-25
2.29761e-26
-5.56311e-28
-8.77396e-28
-1.16361e-28
1.12603e-29
5.16769e-30
3.35543e-31
-1.08329e-31
-2.205e-32
5.25222e-34
6.35704e-34
4.82281e-35
-1.1095e-35
-2.08222e-36
8.35693e-38
5.14741e-38
1.87501e-39
-9.17793e-40
-9.2867e-41
1.20244e-41
2.3326e-42
-1.01714e-43
-4.48632e-44
-1.19165e-46
7.34558e-46
2.73275e-47
-1.07877e-47
-7.63407e-49
1.42673e-49
1.56105e-50
-1.68735e-51
-2.70275e-52
1.59756e-53
4.1468e-54
-9.57598e-56
-5.55942e-56
-3.08242e-58
6.56917e-58
1.9948e-59
-6.71805e-60
-3.739e-61
5.89467e-62
4.90109e-63
-4.32647e-64
-5.29158e-65
2.6131e-66
4.66341e-67
-1.11993e-68
-3.55151e-69
1.91033e-71
2.31425e-71
2.03831e-73
-1.27644e-73
-2.56953e-75
6.06729e-76
1.77825e-77
-2.44536e-78
-8.5721e-80
8.06272e-81
3.1887e-82
-2.195e-83
-9.06473e-85
4.65037e-86
1.7424e-87
-7.40055e-89
-2.34064e-90
7.21792e-92
1.3656e-93
-2.40554e-95
3.38793e-05
-2.21153e-06
2.42905e-07
-3.18941e-08
4.88204e-09
-7.61487e-10
1.37989e-10
-1.4601e-11
3.62792e-12
-1.69277e-13
8.94645e-15
-2.87004e-14
-8.33772e-15
-1.6917e-15
-5.18645e-17
8.11985e-17
3.01556e-17
4.8598e-18
-1.62669e-19
-2.86324e-19
-6.93847e-20
-4.86715e-21
1.8212e-21
6.45363e-22
7.66868e-23
-8.56482e-24
-4.89198e-24
-7.17426e-25
3.54962e-26
3.37948e-26
5.2657e-27
-2.34385e-28
-2.27946e-28
-3.0813e-29
2.70087e-30
1.43139e-30
1.22762e-31
-2.742e-32
-7.29926e-33
-9.88565e-35
1.95325e-34
2.40605e-35
-2.61394e-36
-8.63626e-37
-1.71349e-38
1.86265e-38
1.9541e-39
-2.46484e-40
-5.94198e-41
6.05717e-43
1.19454e-42
6.70496e-44
-1.72066e-44
-2.18837e-45
1.62112e-46
4.39517e-47
-2.66075e-49
-6.70078e-49
-2.73806e-50
8.11663e-51
6.91504e-52
-7.59342e-53
-1.14546e-53
5.05399e-55
1.48413e-55
-9.50227e-58
-1.6029e-57
-3.21532e-59
1.47987e-59
6.46502e-61
-1.20526e-61
-7.83987e-63
8.52487e-64
7.73449e-65
-5.74933e-66
-6.26435e-67
3.33303e-68
4.63061e-69
-1.85627e-70
-3.07169e-71
9.8064e-73
1.82653e-73
-4.56946e-75
-9.61492e-76
1.78079e-77
4.56204e-78
-6.94643e-80
-1.7883e-80
2.34401e-82
5.78886e-83
-5.99715e-85
-1.64157e-85
1.22073e-87
2.91149e-88
-2.91811e-90
-4.1034e-91
3.44538e-93
2.55743e-94
9.7272e-97
3.72971e-05
-1.18482e-06
9.70374e-08
-1.07037e-08
1.45852e-09
-2.38073e-10
4.67333e-11
-7.74163e-12
1.41062e-12
-2.49757e-13
2.7184e-15
-1.15554e-14
-1.23516e-15
-1.00735e-16
7.53405e-17
2.78557e-17
5.0464e-18
1.37958e-20
-2.39355e-19
-6.28121e-20
-5.27729e-21
1.34398e-21
5.1314e-22
6.36401e-23
-4.94824e-24
-3.26905e-24
-4.99591e-25
3.34561e-27
1.60056e-26
3.20628e-27
1.95269e-28
-6.12273e-29
-2.1481e-29
-2.64557e-30
2.89259e-31
1.66611e-31
1.92771e-32
-3.08244e-33
-1.16913e-33
-5.69769e-35
3.08852e-35
5.45143e-36
-2.97214e-37
-1.8506e-37
-1.05002e-38
3.77898e-39
5.9837e-40
-3.84291e-41
-1.66913e-41
-4.64646e-43
3.17883e-43
3.18009e-44
-4.02226e-45
-8.5558e-46
1.95517e-47
1.60473e-47
5.69167e-49
-2.27513e-49
-2.06126e-50
2.39192e-51
4.0583e-52
-1.43424e-53
-6.03765e-54
-6.60525e-56
7.17495e-56
3.51821e-57
-6.90853e-58
-6.21843e-59
5.20044e-60
7.93327e-61
-2.68015e-62
-8.07368e-63
1.67146e-65
6.92879e-65
1.48293e-66
-4.98674e-67
-2.16549e-68
3.06845e-69
2.0134e-70
-1.59667e-71
-1.4493e-72
6.89234e-74
8.48895e-75
-2.35033e-76
-4.27855e-77
6.33327e-79
1.75375e-79
-1.04045e-81
-5.8049e-82
-4.11189e-85
1.61798e-84
2.51163e-87
-3.4617e-87
-1.64049e-89
5.10631e-90
1.63307e-92
-4.71161e-93
-3.41419e-96
2.73925e-96
1.96088e-05
-5.22667e-07
3.45725e-08
-3.37628e-09
4.05731e-10
-5.5179e-11
9.09202e-12
-2.0055e-12
3.50009e-13
-9.65242e-14
7.86417e-15
-2.49504e-15
3.7782e-16
6.86983e-17
2.78058e-17
2.36656e-18
-6.25241e-19
-3.50687e-19
-6.11238e-20
1.74418e-21
3.47212e-21
7.65294e-22
2.1325e-23
-2.81837e-23
-7.09029e-24
-3.34654e-25
2.1126e-25
5.23386e-26
1.7512e-27
-1.51955e-27
-3.01472e-28
3.60625e-30
9.72436e-30
1.14962e-30
-1.33758e-31
-4.47087e-32
-9.3136e-34
9.86913e-34
8.9305e-35
-1.7413e-35
-2.75729e-36
3.50032e-37
8.18758e-38
-7.92207e-39
-2.77187e-39
1.04875e-40
8.66709e-41
2.48365e-42
-2.13645e-42
-2.03825e-43
3.84241e-44
7.12216e-45
-3.89173e-46
-1.72187e-46
-2.38085e-48
3.15252e-48
2.13496e-49
-4.34727e-50
-5.79451e-51
4.15919e-52
1.08346e-52
-1.18583e-54
-1.58635e-54
-5.05155e-56
1.86501e-56
1.35256e-57
-1.74723e-58
-2.18166e-59
1.20795e-60
2.71074e-61
-4.026e-63
-2.74412e-63
-3.93549e-65
2.34267e-65
9.17627e-67
-1.67871e-67
-1.07484e-68
1.0033e-69
9.47515e-71
-4.89489e-72
-6.72662e-73
1.82643e-74
3.93202e-75
-4.18574e-77
-1.97228e-77
-2.13696e-80
8.16577e-80
7.31717e-82
-2.73643e-82
-4.23005e-84
7.64967e-85
1.29324e-86
-1.63568e-87
-2.91589e-89
2.52288e-90
3.90308e-92
-2.39002e-93
-2.21105e-95
1.13124e-96
-1.7961e-06
1.17375e-07
-1.03667e-08
1.05653e-09
-1.02042e-10
9.40554e-12
-1.03866e-12
3.43339e-15
1.15316e-14
-1.31118e-14
3.30923e-15
-2.41121e-16
2.34188e-16
1.45044e-17
3.00145e-18
-1.51718e-18
-5.3496e-19
-9.97328e-20
1.95851e-21
5.69402e-21
1.48229e-21
1.14265e-22
-3.97037e-23
-1.47004e-23
-1.77563e-24
2.1496e-25
1.18685e-25
1.62964e-26
-1.25694e-27
-8.45145e-28
-1.09767e-28
1.04359e-29
5.45343e-30
5.18044e-31
-9.55954e-32
-2.94427e-32
-1.12622e-33
6.95625e-34
1.14794e-34
-5.51193e-36
-3.55227e-36
-2.17876e-37
6.36137e-38
1.05093e-38
-5.18165e-40
-2.56461e-40
-7.89699e-42
4.34687e-42
4.00025e-43
-5.40418e-44
-9.1365e-45
5.1208e-46
1.58933e-46
-4.10366e-48
-2.51982e-48
3.70908e-50
4.15461e-50
-1.18022e-52
-7.21626e-52
-1.16529e-53
1.20785e-53
5.1029e-55
-1.74648e-55
-1.33476e-56
2.08952e-57
2.51753e-58
-1.9561e-59
-3.8135e-60
1.2225e-61
4.73398e-62
1.8969e-65
-4.91099e-64
-1.31176e-65
4.29603e-66
2.26296e-67
-3.18257e-68
-2.49573e-69
1.92178e-70
2.20576e-71
-9.19608e-73
-1.59535e-73
3.09699e-75
9.50802e-76
-3.57262e-78
-4.84211e-78
-3.70566e-80
2.04946e-80
3.12668e-82
-7.00711e-83
-1.5126e-84
1.98393e-85
4.88946e-87
-4.27749e-88
-1.026e-89
6.77487e-91
1.46577e-92
-6.49516e-94
-8.89645e-96
2.47452e-97
9.07128e-08
-9.78186e-09
9.95641e-10
-8.75584e-11
-4.77896e-12
3.00675e-12
-7.62156e-13
1.51234e-13
-2.68798e-14
4.1622e-15
1.83829e-16
7.99812e-17
4.32576e-17
-3.20373e-18
-8.60024e-19
-6.65497e-19
-1.04861e-19
-2.97138e-21
5.78312e-21
1.72629e-21
2.03624e-22
-2.76944e-23
-1.61498e-23
-2.81299e-24
-4.45485e-27
1.15134e-25
2.61047e-26
1.2745e-27
-7.14806e-28
-1.95594e-28
-1.30891e-29
4.51417e-30
1.3011e-30
7.57328e-32
-3.12188e-32
-7.56458e-33
-1.59331e-34
2.12949e-34
3.43501e-35
-1.81142e-36
-1.20441e-36
-8.85433e-38
2.19842e-38
4.50626e-39
-9.32658e-41
-1.13618e-40
-7.95627e-42
1.78144e-42
3.06829e-43
-1.19379e-44
-6.76775e-45
-2.45884e-46
1.03336e-46
1.06772e-47
-1.04589e-48
-2.278e-49
3.49206e-51
3.49772e-51
1.23093e-52
-4.12496e-53
-3.30765e-54
3.59624e-55
5.32652e-56
-2.12743e-57
-6.42484e-58
1.60788e-60
6.24949e-60
1.34792e-61
-5.0176e-62
-2.04232e-63
3.60238e-64
1.74185e-65
-2.40056e-66
-1.1092e-67
2.00103e-68
3.27212e-70
-1.60217e-70
-9.65489e-73
1.43159e-72
7.9518e-75
-1.15163e-74
-1.2105e-76
7.59845e-77
1.46454e-78
-4.18912e-79
-1.17958e-80
1.96355e-81
6.38709e-83
-7.28716e-84
-2.66801e-85
2.15802e-86
9.23888e-88
-4.78925e-89
-1.82304e-90
8.22412e-92
2.90098e-93
-8.12753e-95
-1.90145e-96
5.49999e-99
-2.1071e-09
3.05193e-10
-3.09057e-11
-8.89521e-12
2.34715e-12
-1.06661e-13
-7.25394e-14
3.41861e-14
-8.87905e-15
2.37414e-15
-3.02995e-16
5.83733e-17
-5.99267e-18
-1.63396e-18
-3.92251e-19
-9.3441e-20
8.01109e-21
5.88555e-21
1.62468e-21
1.19095e-22
-4.3339e-23
-1.71838e-23
-2.29752e-24
1.6487e-25
1.30938e-25
2.28847e-26
2.73478e-30
-7.93774e-28
-1.57257e-28
-5.34841e-30
3.7631e-30
8.75066e-31
6.09046e-32
-1.3361e-32
-4.70118e-33
-5.69933e-34
4.5757e-35
3.01282e-35
3.93615e-36
-4.18955e-37
-1.97701e-37
-1.35528e-38
4.29113e-39
9.03955e-40
-1.85223e-41
-2.58695e-41
-2.07066e-42
4.32903e-43
8.58375e-44
-2.36511e-45
-2.03054e-45
-1.04619e-46
3.22313e-47
4.21084e-48
-3.07666e-49
-9.33035e-50
-3.51948e-52
1.4879e-51
8.7206e-53
-1.7822e-53
-2.12294e-54
1.41561e-55
3.49541e-56
-2.85766e-58
-4.41909e-58
-1.43862e-59
4.46679e-60
3.1934e-61
-3.54136e-62
-4.40894e-63
2.01229e-64
4.63568e-65
-4.12188e-67
-4.03812e-67
-6.54779e-69
2.87916e-69
1.15876e-70
-1.75944e-71
-1.10256e-72
8.95026e-74
7.87415e-75
-3.69245e-76
-4.53526e-77
1.20987e-78
2.23055e-79
-3.1382e-81
-8.78655e-82
4.89819e-84
2.80387e-84
2.845e-87
-7.59095e-87
7.09826e-90
1.57056e-89
4.91357e-92
-2.25655e-92
3.42361e-95
2.02356e-95
-7.90003e-98
-1.99166e-98
1.42642e-11
-2.51542e-12
-5.48295e-12
1.18033e-12
1.94482e-13
-1.08908e-13
2.34209e-14
-1.61125e-15
-4.63739e-16
3.6304e-16
-1.09387e-16
1.78166e-17
-5.46412e-18
5.14799e-20
-6.55836e-20
1.92005e-20
8.89623e-21
1.70736e-21
5.14703e-23
-8.76813e-23
-2.64373e-23
-2.92579e-24
5.13492e-25
2.55431e-25
3.9111e-26
-1.81867e-27
-1.97248e-27
-3.33738e-28
7.23933e-30
1.31495e-29
2.07838e-30
-8.09523e-32
-7.70492e-32
-9.03737e-33
8.81647e-34
3.52145e-34
2.15931e-35
-5.49412e-36
-1.02885e-36
1.91546e-40
1.6567e-38
1.2709e-39
-4.34644e-41
6.06106e-42
-5.35765e-43
-1.42274e-42
-1.70032e-43
3.83624e-44
9.65334e-45
-2.25377e-46
-2.86051e-46
-1.74157e-47
5.32505e-48
7.7652e-49
-5.77842e-50
-1.92238e-50
-8.58416e-53
3.3728e-52
2.06755e-53
-4.42312e-54
-5.48215e-55
3.84369e-56
9.73626e-57
-8.85266e-59
-1.32038e-58
-4.37693e-60
1.43025e-60
1.05193e-61
-1.21637e-62
-1.55192e-63
7.41076e-65
1.73997e-65
-1.69813e-67
-1.60814e-67
-2.78955e-69
1.22765e-69
5.11955e-71
-7.90213e-72
-5.24085e-73
4.20546e-74
4.0181e-75
-1.78335e-76
-2.46686e-77
5.64294e-79
1.28001e-79
-1.11158e-81
-5.39606e-82
-6.79267e-85
1.83468e-84
1.68826e-86
-5.18884e-87
-5.81544e-89
1.10597e-89
1.50279e-91
-1.71446e-92
-2.06625e-94
1.60491e-95
1.13301e-97
-9.25233e-99
2.30208e-12
-2.16259e-12
3.12695e-13
2.027e-13
-5.28648e-14
-4.53024e-15
5.76708e-15
-1.90976e-15
4.10095e-16
-6.14793e-17
-6.4097e-18
1.60574e-18
-1.21061e-18
1.8549e-19
-3.98824e-21
1.236e-20
1.65151e-21
6.08676e-23
-1.02458e-22
-3.42642e-23
-4.55299e-24
4.45446e-25
3.44841e-25
6.79763e-26
1.77582e-27
-2.56449e-27
-6.62543e-28
-4.18844e-29
1.69624e-29
5.02313e-30
3.48588e-31
-1.14852e-31
-3.20812e-32
-1.5319e-33
7.85636e-34
1.65353e-34
2.11806e-37
-4.69599e-36
-6.10871e-37
5.05792e-38
2.15814e-38
1.08316e-39
-3.94374e-40
-6.19692e-41
2.714e-42
1.46609e-42
6.75239e-44
-2.09606e-44
-2.60788e-45
1.50633e-46
4.48906e-47
5.59237e-49
-4.3766e-49
-1.59951e-50
1.34949e-51
-3.55804e-52
3.26806e-54
1.83546e-53
1.09039e-54
-4.04507e-55
-4.74029e-56
5.26829e-57
1.11493e-57
-3.1209e-59
-1.85262e-59
-3.80461e-61
2.38204e-61
1.46841e-62
-2.39551e-63
-2.5928e-64
1.7776e-65
3.3033e-66
-7.45007e-68
-3.37969e-68
-2.86758e-70
2.84447e-70
9.33249e-72
-1.98131e-72
-1.13664e-73
1.13805e-74
9.63768e-76
-5.23876e-77
-6.36703e-78
1.81952e-79
3.49745e-80
-4.13137e-82
-1.55626e-82
1.00385e-85
5.52675e-85
4.53766e-87
-1.61605e-87
-2.09987e-89
3.52652e-90
5.31444e-92
-5.64785e-93
-8.35073e-95
5.3506e-96
5.31951e-98
-2.32261e-99
-4.15484e-14
-5.9402e-14
1.07187e-13
-1.6728e-14
-7.48945e-15
2.93245e-15
-2.03162e-16
-2.11848e-16
9.99772e-17
-3.38076e-17
5.70598e-18
-8.62962e-19
4.11649e-20
4.53791e-20
6.39343e-22
2.44847e-21
-1.89613e-22
-8.755e-23
-3.35475e-23
-3.99205e-24
4.90391e-25
3.52898e-25
7.27652e-26
2.98583e-27
-2.43484e-27
-7.43561e-28
-7.42548e-29
1.25614e-29
5.6536e-30
7.49637e-31
-5.25206e-32
-3.78966e-32
-5.51053e-33
2.8504e-34
2.39463e-34
3.16525e-35
-2.60107e-36
-1.40354e-36
-1.27921e-37
2.42513e-38
6.90064e-39
1.67252e-40
-1.63495e-40
-2.21966e-41
1.68768e-42
6.8638e-43
2.68202e-44
-1.24419e-44
-1.61875e-45
1.14281e-46
4.00219e-47
8.9729e-49
-6.3907e-49
-5.9153e-50
6.39233e-51
1.33103e-51
-1.38302e-53
-2.0014e-53
-9.401e-55
2.11482e-55
2.24412e-56
-1.30249e-57
-3.21907e-58
-1.45007e-60
3.20301e-60
1.64491e-61
-2.06793e-62
-2.34988e-63
2.85257e-65
1.98514e-65
1.15359e-66
-7.02385e-68
-1.7123e-68
-6.97071e-70
1.22085e-70
1.69839e-71
-5.01143e-73
-1.77251e-73
-2.77532e-75
1.3625e-75
6.27487e-77
-7.96224e-78
-5.88911e-79
3.48198e-80
3.96979e-81
-1.08231e-82
-2.06254e-83
2.10975e-85
8.15169e-86
2.05639e-88
-2.57279e-88
-3.12193e-90
5.89479e-91
8.51949e-93
-1.00011e-93
-1.7244e-95
9.73391e-97
1.23482e-98
-2.14942e-100
-2.64225e-14
3.27783e-14
-1.55399e-15
-4.82062e-15
9.36398e-16
2.93086e-16
-1.97932e-16
4.35363e-17
-1.85991e-18
-3.41764e-18
1.59814e-18
-3.46812e-19
9.01252e-20
-2.92892e-21
5.38719e-22
-7.29941e-23
-1.57345e-22
-2.41239e-23
-2.87119e-24
1.13955e-24
4.37493e-25
7.34488e-26
-1.93833e-27
-3.83066e-27
-8.86011e-28
-5.29615e-29
2.4051e-29
7.19692e-30
6.38098e-31
-1.18874e-31
-4.42982e-32
-4.63156e-33
4.82503e-34
2.23435e-34
2.75543e-35
-1.24255e-36
-1.05131e-36
-1.65935e-37
1.71376e-39
5.84793e-39
9.34657e-40
-4.32782e-41
-3.43654e-41
-3.2989e-42
5.5463e-43
1.5221e-43
2.25103e-45
-3.50237e-45
-3.87185e-46
4.30643e-47
1.21588e-47
9.58732e-50
-2.32976e-49
-1.92124e-50
2.90699e-51
5.37762e-52
-1.51296e-53
-9.68639e-54
-3.31506e-55
1.2776e-55
1.14749e-56
-1.15599e-57
-2.12285e-58
4.93423e-60
2.83365e-60
6.43513e-62
-2.94755e-62
-1.8618e-63
2.34675e-64
2.74533e-65
-1.30514e-66
-2.93172e-67
2.00918e-69
2.52481e-69
5.22333e-71
-1.71969e-71
-8.50036e-73
9.84889e-74
7.62555e-75
-4.37285e-76
-5.14974e-77
1.37438e-78
2.77999e-79
-2.16809e-81
-1.24903e-81
-4.95787e-84
4.3718e-84
6.18756e-86
-1.21313e-86
-2.5681e-88
2.7527e-89
3.65714e-91
-4.6875e-92
-7.99283e-94
5.11696e-95
-4.30923e-97
-3.34254e-98
9.00548e-100
1.02882e-100
-2.26264e-16
3.02674e-15
-2.14722e-15
1.81959e-16
1.8587e-16
-5.38617e-17
-9.46458e-18
1.12252e-17
-4.02891e-18
8.99182e-19
1.78014e-20
-3.20848e-20
1.97063e-20
-3.96576e-21
2.66759e-22
-1.74933e-22
-2.68919e-23
-5.78022e-25
1.32827e-24
5.87341e-25
8.98844e-26
-3.09641e-27
-5.78996e-27
-1.38222e-27
-9.43835e-29
3.92417e-29
1.33228e-29
1.34247e-30
-2.32012e-31
-9.69188e-32
-1.03128e-32
1.44428e-33
5.83829e-34
5.04926e-35
-9.31589e-36
-2.78349e-36
-1.47473e-37
4.89421e-38
9.86524e-39
2.06283e-40
-1.81219e-40
-2.76428e-41
-2.64194e-43
4.61824e-43
8.31522e-44
5.13351e-45
-1.4042e-45
-4.0887e-46
-1.95755e-47
9.01049e-48
1.60435e-48
-6.47657e-50
-4.35878e-50
-2.38197e-51
7.31975e-52
1.03083e-52
-6.89436e-54
-2.30313e-54
-2.55976e-56
3.66241e-56
2.4323e-57
-4.14416e-58
-5.70884e-59
2.97153e-60
8.92713e-61
2.25694e-63
-1.07921e-62
-4.64859e-64
1.02602e-64
8.84999e-66
-7.47869e-67
-1.11013e-67
3.41078e-69
1.10162e-69
1.64654e-72
-8.78419e-72
-2.46111e-73
5.91309e-74
3.03146e-75
-3.25027e-76
-2.50621e-77
1.43579e-78
1.60227e-79
-4.85773e-81
-8.46821e-82
1.14454e-83
3.58175e-84
-7.00842e-87
-1.21585e-86
-8.24792e-89
3.41477e-89
3.24938e-91
-7.15661e-92
-9.24845e-94
1.0982e-94
1.14867e-96
-9.94731e-98
-6.01882e-100
6.27871e-101
-8.26156e-15
-4.91949e-15
1.05354e-15
4.20338e-17
-1.33804e-17
-6.09406e-18
3.53101e-18
-1.6278e-19
-4.04068e-19
2.59722e-19
-6.75355e-20
1.12901e-20
-4.422e-22
-7.61358e-22
6.48691e-23
-4.51841e-23
3.36322e-24
1.22061e-24
5.53183e-25
9.40487e-26
-3.23297e-27
-6.07783e-27
-1.68461e-27
-1.61409e-28
3.60348e-29
1.7327e-29
2.65203e-30
-1.17612e-31
-1.3462e-31
-2.4506e-32
1.04836e-34
9.28122e-34
1.68668e-34
-1.89665e-36
-5.8685e-36
-8.77454e-37
4.52376e-38
3.20952e-38
3.15543e-39
-4.56078e-40
-1.40072e-40
-4.95841e-42
2.78148e-42
4.04945e-43
-1.85248e-44
-9.98166e-45
-5.89377e-46
1.27665e-46
2.15418e-47
-1.40412e-49
-3.31205e-49
-3.00573e-50
1.48165e-51
5.77878e-52
5.83104e-53
-2.28269e-54
-1.63234e-54
-1.40501e-55
1.90604e-56
4.56115e-57
5.8682e-60
-7.90072e-59
-5.39182e-60
9.17687e-61
1.30067e-61
-6.03001e-63
-2.04276e-63
-1.8002e-65
2.415e-65
1.20389e-66
-2.20997e-67
-2.04669e-68
1.47537e-69
2.4391e-70
-5.80203e-72
-2.25551e-72
-1.49428e-74
1.70935e-74
5.27658e-76
-1.06096e-76
-5.69051e-78
5.34796e-79
4.20292e-80
-2.14032e-81
-2.47294e-82
6.64724e-84
1.14259e-84
-1.33747e-86
-4.16761e-87
-9.97936e-92
1.24344e-89
7.45695e-92
-2.7212e-92
-2.72393e-94
4.36519e-95
4.63109e-97
-4.07844e-98
-3.08521e-100
1.87484e-101
4.07304e-13
4.21154e-13
-6.89285e-14
-7.4273e-15
5.15871e-16
-5.58155e-17
5.38878e-18
-5.16663e-19
6.49497e-20
5.99241e-21
-1.12353e-20
3.62447e-21
-1.07058e-21
5.43616e-23
1.65982e-26
-2.19524e-24
2.53986e-24
3.11884e-25
7.52008e-26
-1.04465e-26
-6.72746e-27
-1.63857e-27
-1.31275e-28
4.50249e-29
1.86117e-29
2.96991e-30
-8.34602e-32
-1.43573e-31
-3.01499e-32
-1.26357e-33
8.71958e-34
2.31444e-34
1.55e-35
-5.10761e-36
-1.49835e-36
-9.84463e-38
3.22257e-38
8.42527e-39
3.18714e-40
-2.09381e-40
-3.86359e-41
9.36701e-43
1.14875e-42
1.08908e-43
-1.63275e-44
-4.27675e-45
-5.93041e-47
8.75506e-47
9.20756e-48
-9.39995e-49
-2.56577e-49
-3.52806e-51
4.27159e-51
3.80929e-52
-4.12304e-53
-8.97566e-54
-5.88495e-58
1.32327e-55
8.58681e-57
-1.22709e-57
-1.86745e-58
3.24173e-60
2.46147e-60
1.14996e-61
-2.0862e-62
-2.55692e-63
6.23508e-65
3.09258e-65
1.38201e-66
-2.45001e-67
-2.92798e-68
8.72296e-70
3.38573e-70
8.64111e-72
-2.71982e-72
-2.03512e-73
1.59422e-74
2.2238e-75
-4.5665e-77
-1.77533e-77
-2.07228e-79
1.09831e-79
3.89139e-81
-5.31527e-82
-3.20112e-83
2.02663e-84
1.79877e-85
-5.85305e-87
-7.45488e-88
9.698e-90
2.44141e-90
-1.86131e-93
-5.6792e-93
-3.00116e-95
9.63096e-96
9.46506e-98
-9.34036e-99
-8.1509e-101
2.98987e-102
-3.36134e-11
-7.53612e-11
9.63929e-12
-8.09495e-13
3.05663e-14
2.45305e-15
-8.31772e-17
-5.58503e-18
1.13781e-18
-1.11366e-19
7.96475e-21
-2.53784e-22
-1.68109e-22
5.00741e-23
-4.41107e-24
1.94951e-24
4.36967e-25
5.65755e-27
-1.08936e-26
-8.974e-27
-1.78967e-27
-8.96226e-29
7.65354e-29
2.52607e-29
3.34026e-30
-2.5544e-31
-2.15146e-31
-4.03911e-32
-6.33935e-34
1.39397e-33
3.08605e-34
1.27395e-35
-7.48818e-36
-1.75044e-36
-9.86987e-38
3.23256e-38
8.77287e-39
6.86657e-40
-1.35029e-40
-4.64739e-41
-3.76223e-42
8.48091e-43
2.34782e-43
8.37447e-45
-5.39256e-45
-8.78858e-46
3.66861e-47
2.54716e-47
1.71833e-48
-4.04445e-49
-7.4713e-50
1.96351e-51
1.64447e-51
9.23102e-53
-2.32634e-53
-3.32373e-54
1.72432e-55
6.5647e-56
1.35257e-57
-9.13306e-58
-7.05037e-59
8.66249e-60
1.41335e-60
-4.09997e-62
-1.93915e-62
-4.1438e-64
2.0147e-64
1.30584e-65
-1.54502e-66
-1.94194e-67
7.53505e-69
2.04605e-69
6.43062e-72
-1.69594e-71
-5.68279e-73
1.07019e-73
7.48957e-75
-5.33185e-76
-6.1552e-77
1.67162e-78
3.84985e-79
1.33258e-82
-1.89564e-81
-3.94325e-83
7.39321e-84
2.85725e-85
-2.05495e-86
-1.34244e-87
3.71619e-89
4.11069e-90
-1.3362e-92
-7.23868e-93
-1.25282e-94
1.06582e-95
4.33078e-97
6.88779e-100
-5.70615e-100
-8.62945e-102
-2.36979e-103
2.6232e-09
5.57132e-10
-2.37059e-10
3.27439e-11
-4.45733e-12
3.67878e-13
-2.03233e-14
1.1035e-15
-5.34284e-17
2.31856e-18
-9.03249e-20
3.09601e-21
-8.39395e-23
1.14247e-23
-2.78536e-24
6.0882e-25
1.37921e-25
-1.88095e-26
-2.1421e-26
-1.6187e-27
7.92264e-28
6.04526e-29
-1.37612e-29
5.80663e-30
1.90179e-30
-3.13512e-31
-1.5059e-31
-3.96751e-33
4.87485e-33
6.5489e-34
-4.01546e-35
-1.62558e-35
-1.71744e-36
-1.42272e-37
2.74612e-38
1.68466e-38
1.94132e-39
-3.30919e-40
-1.01225e-40
-2.96312e-42
2.10011e-42
2.94204e-43
-8.63952e-45
-6.26258e-45
-6.92035e-46
1.0123e-47
1.79554e-47
2.9512e-48
-4.17378e-50
-8.69977e-50
-9.67896e-51
1.14657e-51
3.32727e-52
5.03553e-54
-6.50836e-54
-6.1012e-55
7.92453e-56
1.62359e-56
-2.92632e-58
-2.84321e-58
-1.19157e-59
3.52574e-60
3.67107e-61
-3.00403e-62
-6.28355e-63
8.4539e-65
8.00243e-65
2.42787e-66
-7.90933e-67
-5.74221e-68
6.01711e-69
7.66487e-70
-2.99629e-71
-7.82911e-72
2.61822e-74
6.29113e-74
1.5805e-75
-4.24431e-76
-2.0847e-77
2.30512e-78
1.7464e-79
-9.83922e-81
-1.11551e-81
3.16626e-83
5.82693e-84
-6.47328e-86
-2.40697e-86
-2.88252e-89
7.97169e-89
8.00219e-91
-2.16088e-91
-2.67393e-93
4.34844e-94
6.70504e-96
-6.42228e-97
-7.43909e-99
5.57672e-100
3.12013e-102
-3.48432e-103
-2.04283e-08
1.29719e-08
-1.13929e-09
1.20865e-10
-1.1665e-11
-4.99408e-13
3.87576e-14
-6.89725e-16
2.84139e-17
-1.00497e-18
2.85893e-20
-2.64429e-22
-2.30789e-22
-2.81805e-23
3.46716e-23
1.56398e-24
-3.38065e-24
-5.0621e-26
2.41116e-25
3.70488e-28
-1.42437e-26
3.3692e-29
7.21578e-28
4.00673e-30
-3.0955e-29
-5.61543e-31
1.1282e-30
3.19199e-32
-3.62087e-32
-1.27163e-33
1.06691e-33
4.52908e-35
-2.90863e-35
-1.578e-36
7.14066e-37
5.04939e-38
-1.52942e-38
-1.3593e-39
2.84522e-40
2.95278e-41
-4.8143e-42
-5.2206e-43
8.32246e-44
7.9862e-45
-1.59946e-45
-1.28627e-46
3.19612e-47
2.60959e-48
-5.70184e-49
-5.88172e-50
7.98027e-51
1.17395e-51
-7.56641e-53
-1.81401e-53
1.8312e-55
1.94782e-55
7.78896e-57
-9.09005e-58
-1.20267e-58
-1.64136e-59
-2.18871e-61
4.64292e-61
4.65879e-62
-6.24178e-63
-1.12426e-63
4.19564e-65
1.79544e-65
1.80221e-67
-2.16192e-67
-1.02121e-68
2.03945e-69
1.7235e-70
-1.43981e-71
-2.06419e-72
6.87463e-74
1.90868e-74
-2.80526e-77
-1.4603e-76
-3.27982e-78
9.10676e-79
3.99914e-80
-4.62541e-81
-3.07512e-82
1.88125e-83
1.83692e-84
-6.07028e-86
-8.49776e-87
1.32144e-88
3.08964e-89
-8.89429e-92
-9.1434e-92
-3.46384e-94
1.97314e-94
1.73622e-96
-3.12342e-97
-2.91183e-99
2.85569e-100
1.96938e-102
-1.31298e-103
-2.53948e-07
1.08305e-08
3.59709e-09
-1.5963e-10
7.35672e-11
-8.37088e-12
-3.32201e-13
1.51241e-14
-4.88871e-16
1.42574e-17
-3.77329e-19
-3.57578e-21
6.78539e-21
9.60395e-22
-7.93405e-22
-5.15519e-23
6.54295e-23
2.17855e-24
-4.25186e-24
-8.08193e-26
2.3173e-25
3.55203e-27
-1.0884e-26
-2.11293e-28
4.43793e-28
1.23078e-29
-1.58357e-29
-5.97523e-31
4.99963e-31
2.40817e-32
-1.41387e-32
-8.25905e-34
3.62075e-34
2.47232e-35
-8.48937e-36
-6.61193e-37
1.8382e-37
1.60572e-38
-3.70227e-39
-3.57707e-40
6.97536e-41
7.42349e-42
-1.23109e-42
-1.4428e-43
2.03245e-44
2.62599e-45
-3.1438e-46
-4.46664e-47
4.56272e-48
7.10858e-49
-6.2389e-50
-1.06147e-50
8.13292e-52
1.49779e-52
-1.01754e-53
-2.00067e-54
1.22359e-55
2.55746e-56
-1.40014e-57
-3.13237e-58
1.50262e-59
3.67178e-60
-1.47418e-61
-4.06384e-62
1.28329e-63
4.22216e-64
-9.54371e-66
-4.01986e-66
5.67612e-68
3.52247e-68
-2.36103e-70
-2.78041e-70
4.47918e-73
1.98199e-72
1.27687e-75
-1.26036e-74
1.48927e-77
7.31499e-77
-5.97736e-79
-3.84745e-79
8.06492e-81
1.91379e-81
-6.98524e-83
-8.85627e-84
4.74386e-85
3.74216e-86
-2.48174e-87
-1.38501e-88
1.02062e-89
4.54603e-91
-3.37252e-92
-1.16937e-93
8.1503e-95
2.15079e-96
-1.40176e-97
-2.67711e-99
1.41023e-100
1.41238e-102
-4.90955e-104
-3.43175e-07
-2.48409e-07
1.75481e-08
-1.85715e-09
4.60108e-10
2.20607e-11
-2.40898e-12
-3.3291e-13
7.46775e-15
-1.35523e-16
3.14826e-18
4.59234e-19
-2.12278e-19
-2.98837e-20
1.84468e-20
1.36749e-21
-1.28074e-21
-5.50041e-23
7.39683e-23
2.07005e-24
-3.70454e-24
-8.61329e-26
1.63432e-25
4.30517e-27
-6.35258e-27
-2.15571e-28
2.18231e-28
9.48425e-30
-6.68476e-30
-3.57825e-31
1.84448e-31
1.17205e-32
-4.63294e-33
-3.3975e-34
1.06921e-34
8.88028e-36
-2.28438e-36
-2.12014e-37
4.5392e-38
4.65268e-39
-8.43283e-40
-9.50712e-41
1.47093e-41
1.81618e-42
-2.40961e-43
-3.25695e-44
3.72447e-45
5.48484e-46
-5.44046e-47
-8.71002e-48
7.49612e-49
1.30849e-49
-9.77072e-51
-1.86681e-51
1.20102e-52
2.51491e-53
-1.38753e-54
-3.20788e-55
1.50237e-56
3.8634e-57
-1.52652e-58
-4.39242e-59
1.45228e-60
4.70144e-61
-1.29594e-62
-4.75303e-63
1.08635e-64
4.47905e-65
-8.45877e-67
-3.9818e-67
6.11576e-69
3.27842e-69
-4.14985e-71
-2.51291e-71
2.66383e-73
1.76451e-73
-1.67916e-75
-1.14022e-75
1.01562e-77
6.64078e-78
-6.08191e-80
-3.51939e-80
3.42621e-82
1.64575e-82
-1.91164e-84
-6.66681e-85
9.27422e-87
2.29169e-87
-3.96786e-89
-6.46116e-90
1.36517e-91
1.43872e-92
-3.63094e-94
-2.26634e-95
6.56297e-97
2.28614e-98
-7.11588e-100
-9.35714e-102
2.39234e-103
3.04527e-06
-8.60366e-07
-3.30643e-09
-1.0275e-08
4.37307e-10
2.59329e-10
2.57553e-11
-1.71494e-12
-1.63009e-13
1.3597e-15
-8.57702e-17
-2.18628e-17
6.88298e-18
8.74698e-19
-4.35745e-19
-3.14443e-20
2.50633e-20
1.09317e-21
-1.27806e-21
-3.72953e-23
5.86409e-23
1.42636e-24
-2.42829e-24
-6.58051e-26
9.002e-26
3.09937e-27
-2.98382e-27
-1.30647e-28
8.88797e-29
4.78e-30
-2.39903e-30
-1.52961e-31
5.92047e-32
4.35681e-33
-1.34708e-33
-1.12287e-34
2.84428e-35
2.65054e-36
-5.59842e-37
-5.76178e-38
1.03206e-38
1.16746e-39
-1.78849e-40
-2.21788e-41
2.91473e-42
3.95463e-43
-4.48387e-44
-6.62856e-45
6.5207e-46
1.04943e-46
-8.95326e-48
-1.56978e-48
1.16244e-49
2.23407e-50
-1.42533e-51
-2.99806e-52
1.64337e-53
3.81475e-54
-1.77809e-55
-4.58342e-56
1.80979e-57
5.20959e-58
-1.7249e-59
-5.56688e-60
1.5409e-61
5.63331e-62
-1.28982e-63
-5.30181e-64
1.00004e-65
4.71816e-66
-7.20491e-68
-3.88608e-68
4.83976e-70
2.97367e-70
-3.03798e-72
-2.08425e-72
1.90017e-74
1.344e-74
-1.13272e-76
-7.80706e-77
6.86166e-79
4.12638e-79
-3.93613e-81
-1.92725e-81
2.22229e-83
7.79339e-84
-1.10114e-85
-2.67375e-86
4.67943e-88
7.52858e-89
-1.62388e-90
-1.67919e-91
4.29994e-93
2.64031e-94
-7.8348e-96
-2.6741e-97
8.44906e-99
1.09691e-100
-2.93681e-102
1.72611e-05
-2.47655e-07
-7.93665e-09
-3.3849e-08
-5.29839e-09
1.43682e-10
1.83632e-10
1.94482e-11
-7.04855e-13
-8.26529e-14
6.26064e-15
1.01596e-15
-2.345e-16
-2.25487e-17
1.04018e-17
4.9918e-19
-4.80145e-19
-1.03025e-20
2.11118e-20
1.648e-22
-8.73885e-22
-3.22659e-24
3.36371e-23
2.48712e-25
-1.18332e-24
-1.85464e-26
3.77645e-26
9.73719e-28
-1.09417e-27
-3.97745e-29
2.89491e-29
1.35089e-30
-7.04187e-31
-3.98756e-32
1.586e-32
1.05177e-33
-3.32573e-34
-2.52433e-35
6.51603e-36
5.55084e-37
-1.19857e-37
-1.13683e-38
2.07417e-39
2.168e-40
-3.38533e-41
-3.89388e-42
5.22366e-43
6.5637e-44
-7.62933e-45
-1.04516e-45
1.05363e-46
1.57271e-47
-1.37647e-48
-2.24001e-49
1.70416e-50
3.01946e-51
-1.98515e-52
-3.86361e-53
2.17602e-54
4.66551e-55
-2.25228e-56
-5.29762e-57
2.1903e-58
5.69028e-59
-2.00427e-60
-5.70993e-61
1.72192e-62
5.43629e-63
-1.38118e-64
-4.79218e-65
1.03119e-66
3.96434e-67
-7.24979e-69
-3.02513e-69
4.77953e-71
2.12962e-71
-3.02211e-73
-1.36931e-73
1.84512e-75
8.00032e-76
-1.06926e-77
-4.2141e-78
5.8551e-80
1.95385e-80
-3.01376e-82
-7.82826e-83
1.40773e-84
2.65532e-85
-5.67611e-87
-7.36391e-88
1.87783e-89
1.61187e-90
-4.8e-92
-2.59118e-93
8.44791e-95
2.58081e-96
-8.78162e-98
-1.00421e-99
2.84825e-101
4.98527e-05
5.24802e-06
6.1261e-07
-1.82703e-08
-2.57434e-08
-5.09271e-09
-7.69564e-11
1.59277e-10
2.1948e-11
-7.45036e-13
-4.15207e-13
-5.17547e-15
8.04311e-15
3.03888e-17
-2.28181e-16
5.72313e-18
8.10547e-18
-3.46899e-19
-3.01048e-19
1.55983e-20
1.11665e-20
-5.74861e-22
-3.99664e-22
1.71936e-23
1.33952e-23
-4.08264e-25
-4.13813e-25
7.01763e-27
1.17393e-26
-4.54666e-29
-3.065e-28
-2.51244e-30
7.39904e-30
1.42967e-31
-1.66061e-31
-4.91916e-33
3.48063e-33
1.36384e-34
-6.83769e-35
-3.3059e-36
1.26216e-36
7.23846e-38
-2.20058e-38
-1.45605e-39
3.62163e-40
2.70358e-41
-5.64494e-42
-4.69244e-43
8.32194e-44
7.66699e-45
-1.16427e-45
-1.17805e-46
1.54725e-47
1.71234e-48
-1.94539e-49
-2.34746e-50
2.31229e-51
3.03518e-52
-2.59474e-53
-3.68878e-54
2.75933e-55
4.23975e-56
-2.76201e-57
-4.57865e-58
2.61146e-59
4.68217e-60
-2.32425e-61
-4.44669e-62
1.94189e-63
3.95314e-64
-1.51395e-65
-3.28159e-66
1.10747e-67
2.50241e-68
-7.60498e-70
-1.76309e-70
4.92244e-72
1.12995e-72
-2.97106e-74
-6.59268e-75
1.67876e-76
3.40724e-77
-8.72551e-79
-1.56648e-79
4.1418e-81
6.21791e-82
-1.78078e-83
-2.09343e-84
6.62215e-86
5.7631e-87
-2.04021e-88
-1.26708e-89
4.83242e-91
1.93267e-92
-8.11533e-94
-1.70226e-95
8.43195e-97
6.31525e-99
-2.67791e-100
9.89885e-05
1.82375e-05
3.09363e-06
3.02771e-07
-3.87082e-08
-2.5778e-08
-5.05965e-09
-5.13564e-11
1.7419e-10
2.66572e-11
-1.53819e-12
-9.08018e-13
-3.82164e-14
2.24191e-14
2.2088e-15
-5.69345e-16
-7.79949e-17
1.69679e-17
2.67299e-18
-5.51051e-19
-9.46258e-20
1.75107e-20
3.31492e-21
-5.16692e-22
-1.10139e-22
1.39012e-23
3.40018e-24
-3.38825e-25
-9.68885e-26
7.44988e-27
2.54763e-27
-1.47108e-28
-6.20949e-29
2.57225e-30
1.40805e-30
-3.84813e-32
-2.9848e-32
4.44617e-34
5.92923e-34
-2.31964e-36
-1.11016e-35
-6.86876e-38
1.96211e-37
3.04211e-39
-3.27314e-39
-7.95746e-41
5.17718e-41
1.67831e-42
-7.75125e-43
-3.11591e-44
1.1044e-44
5.28431e-46
-1.4929e-46
-8.22438e-48
1.91371e-48
1.20066e-49
-2.31897e-50
-1.61915e-51
2.66272e-52
2.05387e-53
-2.89754e-54
-2.43411e-55
2.97061e-56
2.69055e-57
-2.88358e-58
-2.79116e-59
2.64015e-60
2.71428e-61
-2.26173e-62
-2.45535e-63
1.81292e-64
2.04734e-65
-1.3589e-66
-1.57199e-67
9.51128e-69
1.104e-69
-6.20878e-71
-7.11803e-72
3.72829e-73
4.11505e-74
-2.06697e-75
-2.13085e-76
1.03452e-77
9.69323e-79
-4.68152e-80
-3.75027e-81
1.88661e-82
1.22607e-83
-6.61524e-85
-3.25665e-86
1.87815e-87
6.49908e-89
-4.25621e-90
-8.76801e-92
6.56599e-93
6.05225e-95
-6.12448e-96
-1.28263e-99
1.73863e-99
0.000150825
3.83034e-05
8.54366e-06
1.56234e-06
1.30933e-07
-4.72045e-08
-2.37918e-08
-4.41933e-09
4.21701e-11
1.93336e-10
3.36368e-11
-1.82342e-12
-1.44032e-12
-1.07224e-13
3.66591e-14
6.42455e-15
-7.28896e-16
-2.41571e-16
1.19708e-17
8.00561e-18
-1.11252e-19
-2.49843e-19
-3.20729e-21
7.36037e-21
2.63378e-22
-2.0294e-22
-1.15017e-23
5.19996e-24
3.97745e-25
-1.23612e-25
-1.18535e-26
2.73149e-27
3.15785e-28
-5.61386e-29
-7.6655e-30
1.07472e-30
1.71565e-31
-1.91777e-32
-3.5654e-33
3.18924e-34
6.94096e-35
-4.92452e-36
-1.26905e-36
7.04134e-38
2.18316e-38
-9.24695e-40
-3.54452e-40
1.09463e-41
5.47431e-42
-1.11189e-43
-7.99514e-44
8.70781e-46
1.10491e-45
-2.49063e-48
-1.44788e-47
-8.33364e-50
1.79308e-49
2.35289e-51
-2.1056e-51
-4.16368e-53
2.33743e-53
6.09633e-55
-2.44859e-55
-7.78957e-57
2.43418e-57
8.91664e-59
-2.26718e-59
-9.34207e-61
1.97432e-61
8.90442e-63
-1.60912e-63
-7.68962e-65
1.22193e-65
6.06749e-67
-8.63116e-68
-4.34028e-69
5.65002e-70
2.79555e-71
-3.36061e-72
-1.61455e-73
1.82794e-74
8.06833e-76
-9.04808e-77
-3.494e-78
3.97223e-79
1.29218e-80
-1.53128e-81
-3.85795e-83
5.01117e-84
8.72288e-86
-1.35212e-86
-1.25229e-88
2.79786e-89
4.32917e-92
-4.15351e-92
1.8496e-94
3.44424e-95
-2.75875e-97
-9.88024e-99
0.000175517
6.04025e-05
1.88302e-05
4.95974e-06
9.34065e-07
4.09337e-08
-4.99991e-08
-2.03128e-08
-3.27274e-09
2.2449e-10
2.18179e-10
3.55936e-11
-2.8733e-12
-1.93002e-12
-1.68179e-13
4.92649e-14
1.12335e-14
-5.82684e-16
-4.08916e-16
-1.03687e-17
1.18293e-17
9.30087e-19
-3.01627e-19
-3.88795e-20
6.95246e-21
1.28822e-21
-1.44228e-22
-3.72249e-23
2.63695e-24
9.70775e-25
-4.03328e-26
-2.32253e-26
4.32721e-28
5.14167e-28
1.77646e-31
-1.06016e-29
-1.78721e-31
2.04412e-31
6.51301e-33
-3.70121e-33
-1.69024e-34
6.30808e-35
3.71857e-36
-1.01426e-36
-7.34529e-38
1.53961e-38
1.32899e-39
-2.20476e-40
-2.22592e-41
2.97921e-42
3.4766e-43
-3.79874e-44
-5.09365e-45
4.5552e-46
6.99749e-47
-5.11625e-48
-9.06688e-49
5.37959e-50
1.10732e-50
-5.25391e-52
-1.2716e-52
4.76223e-54
1.37356e-54
-3.95184e-56
-1.38982e-56
2.99241e-58
1.32181e-58
-2.00469e-60
-1.17728e-60
1.16065e-62
9.7238e-63
-5.13e-65
-7.44541e-65
1.29021e-67
5.30024e-67
4.13291e-70
-3.44145e-69
-7.46316e-72
2.04935e-71
4.34511e-74
-1.09724e-73
-1.00899e-76
5.28746e-76
-8.44619e-79
-2.26819e-78
9.94391e-81
8.40819e-81
-6.98868e-83
-2.60647e-83
3.29826e-85
6.6706e-86
-1.12679e-87
-1.28345e-88
2.73572e-90
1.64184e-91
-4.19054e-93
-1.18159e-94
3.01676e-96
2.32244e-98
0.000192297
7.9369e-05
3.07785e-05
1.04227e-05
2.8088e-06
4.75625e-07
-1.97711e-08
-4.52133e-08
-1.50499e-08
-1.90066e-09
3.66943e-10
2.02595e-10
2.78432e-11
-4.06098e-12
-2.00818e-12
-1.59353e-13
5.61297e-14
1.3227e-14
-4.54004e-16
-4.88082e-16
-2.93491e-17
1.258e-17
1.74195e-18
-2.48881e-19
-6.15021e-20
3.6022e-21
1.7494e-21
-2.055e-23
-4.35116e-23
-9.66254e-25
9.765e-25
4.9613e-26
-2.00545e-26
-1.5553e-27
3.79875e-28
3.97619e-29
-6.65437e-30
-8.93229e-31
1.07861e-31
1.82167e-32
-1.61123e-33
-3.42537e-34
2.19414e-35
6.00918e-36
-2.6704e-37
-9.85005e-38
2.78125e-39
1.51918e-39
-2.16501e-41
-2.21017e-41
3.83851e-44
3.04049e-43
2.96513e-45
-3.93423e-45
-7.93202e-47
4.81903e-47
1.44237e-48
-5.57584e-49
-2.18393e-50
6.06842e-51
2.91188e-52
-6.25371e-53
-3.54298e-54
6.04889e-55
3.9207e-56
-5.50698e-57
-3.97223e-58
4.69675e-59
3.7075e-60
-3.74748e-61
-3.20732e-62
2.78212e-63
2.5263e-64
-1.92629e-65
-1.82125e-66
1.24971e-67
1.18475e-68
-7.56952e-70
-6.97641e-71
4.27136e-72
3.69015e-73
-2.21038e-74
-1.72714e-75
1.03924e-76
7.12878e-78
-4.32615e-79
-2.46916e-80
1.58351e-81
6.91638e-83
-4.87732e-84
-1.5176e-85
1.21518e-86
2.3628e-88
-2.26088e-89
-2.11603e-91
2.62808e-92
3.04763e-95
-1.59518e-95
4.96911e-98
0.00020404
9.53423e-05
4.27442e-05
1.7147e-05
5.75455e-06
1.44257e-06
1.77728e-07
-4.79537e-08
-3.49372e-08
-9.4664e-09
-7.19867e-10
4.02658e-10
1.5393e-10
1.53116e-11
-4.60292e-12
-1.65236e-12
-8.87981e-14
5.48737e-14
1.13804e-14
-5.44955e-16
-4.57403e-16
-2.97569e-17
1.14412e-17
1.83964e-18
-1.8561e-19
-6.24847e-20
1.04338e-21
1.63093e-21
5.58077e-23
-3.59087e-23
-2.75925e-24
6.92037e-25
8.37094e-26
-1.18004e-26
-2.06296e-27
1.76456e-28
4.45933e-29
-2.22348e-30
-8.72146e-31
2.05096e-32
1.56804e-32
-3.61171e-35
-2.61935e-34
-4.1998e-36
4.09105e-36
1.34171e-37
-5.98698e-38
-2.91734e-39
8.22128e-40
5.3293e-41
-1.0593e-41
-8.61395e-43
1.28214e-43
1.26411e-44
-1.45645e-45
-1.72237e-46
1.54646e-47
2.17622e-48
-1.52906e-49
-2.57117e-50
1.39627e-51
2.83756e-52
-1.16935e-53
-2.9249e-54
8.90583e-56
2.81153e-56
-6.02214e-58
-2.50842e-58
3.58699e-60
2.08886e-60
-1.81551e-62
-1.6095e-62
7.72782e-65
1.15486e-64
-2.43894e-67
-7.65804e-67
4.46576e-70
4.64772e-69
-2.31008e-72
-2.59243e-71
3.12212e-74
1.29629e-73
-3.68681e-76
-5.80807e-76
3.27377e-78
2.285e-78
-2.09632e-80
-7.70217e-81
9.88952e-83
2.09589e-83
-3.63291e-85
-4.55821e-86
1.00153e-87
7.08853e-89
-1.90133e-90
-7.06747e-92
2.07676e-93
3.15732e-95
-7.32487e-97
0.000212963
0.000109119
5.39943e-05
2.4311e-05
9.45485e-06
2.9583e-06
6.30269e-07
2.22252e-08
-4.93295e-08
-2.28887e-08
-4.80093e-09
4.13708e-11
3.43401e-10
9.44831e-11
3.9867e-12
-4.20489e-12
-1.07587e-12
-6.36439e-15
4.56483e-14
7.28999e-15
-7.14361e-16
-3.49835e-16
-1.61162e-17
9.39971e-18
1.36817e-18
-1.50856e-19
-4.88905e-20
4.62899e-22
1.24704e-21
6.21554e-23
-2.54144e-23
-2.63511e-24
4.28127e-25
7.28817e-26
-5.85462e-27
-1.6443e-27
5.69533e-29
3.23813e-29
-7.93633e-32
-5.73933e-31
-1.35509e-32
9.30419e-33
4.38217e-34
-1.39114e-34
-9.79663e-36
1.92394e-36
1.83009e-37
-2.46219e-38
-3.04401e-39
2.89184e-40
4.6029e-41
-3.0931e-42
-6.40577e-43
2.96586e-44
8.30252e-45
-2.44521e-46
-1.00178e-46
1.55873e-48
1.13684e-48
-4.06043e-51
-1.20722e-50
-8.13566e-53
1.20025e-52
1.89878e-54
-1.1203e-54
-2.66649e-56
9.75035e-57
2.94896e-58
-7.99508e-59
-2.81614e-60
6.1316e-61
2.40948e-62
-4.40855e-63
-1.8578e-64
2.94082e-65
1.26781e-66
-1.82548e-67
-7.76157e-69
1.05149e-69
4.22516e-71
-5.53741e-72
-2.01615e-73
2.63135e-74
8.36378e-76
-1.12522e-76
-2.8665e-78
4.23422e-79
7.92721e-81
-1.33884e-81
-1.70853e-83
3.46098e-84
1.96992e-86
-7.08825e-87
4.26808e-91
1.01053e-89
-5.30542e-92
-8.1156e-93
6.58576e-95
1.6216e-96
0.000219489
0.000120399
6.38961e-05
3.12338e-05
1.34908e-05
4.89386e-06
1.35624e-06
2.08311e-07
-3.5353e-08
-3.67774e-08
-1.24612e-08
-1.75734e-09
3.39409e-10
2.31671e-10
4.43798e-11
-2.39984e-12
-3.03425e-12
-5.25169e-13
4.30707e-14
3.09496e-14
3.1877e-15
-7.31441e-16
-2.13157e-16
-1.0559e-18
6.72144e-18
7.16778e-19
-1.26022e-19
-3.02989e-20
8.94482e-22
8.15241e-22
3.28255e-23
-1.65508e-23
-1.65098e-24
2.6315e-25
4.63164e-26
-3.11052e-27
-1.01322e-27
1.82802e-29
1.88751e-29
3.20636e-31
-3.11254e-31
-1.46677e-32
4.61629e-33
3.55303e-34
-6.17426e-35
-6.84029e-36
7.43649e-37
1.13971e-37
-7.95144e-39
-1.70382e-39
7.31496e-41
2.34495e-41
-5.16302e-43
-2.98404e-43
1.45608e-45
3.5298e-45
3.53408e-47
-3.89771e-47
-8.97611e-49
4.02822e-49
1.40053e-50
-3.90045e-51
-1.78892e-52
3.53688e-53
1.97611e-54
-3.01061e-55
-1.96763e-56
2.42219e-57
1.76842e-58
-1.83622e-59
-1.45772e-60
1.30647e-61
1.09988e-62
-8.75409e-64
-7.65257e-65
5.4975e-66
4.82034e-67
-3.21488e-68
-2.78932e-69
1.73929e-70
1.42554e-71
-8.69799e-73
-6.44856e-74
3.95045e-75
2.56726e-76
-1.60276e-77
-8.58109e-79
5.68456e-80
2.38752e-81
-1.68046e-82
-5.20343e-84
4.0757e-85
7.57679e-87
-7.18018e-88
-6.42503e-90
8.55317e-91
8.39883e-94
-4.70964e-94
1.08915e-96
0.000224129
0.000129119
7.2097e-05
3.74226e-05
1.74559e-05
7.03636e-06
2.29981e-06
5.22235e-07
2.65771e-08
-4.17931e-08
-2.19171e-08
-5.44178e-09
-2.50266e-10
3.33136e-10
1.23152e-10
1.34593e-11
-3.96684e-12
-1.69726e-12
-1.60286e-13
5.03262e-14
1.6234e-14
5.62413e-16
-5.49331e-16
-9.62368e-17
6.66241e-18
3.87967e-18
2.12523e-19
-9.06685e-20
-1.40488e-20
1.16722e-21
4.37455e-22
4.04089e-24
-9.58741e-24
-6.82381e-25
1.59664e-25
2.22073e-26
-1.96586e-27
-5.05772e-28
1.32851e-29
9.37776e-30
1.35937e-31
-1.49537e-31
-7.27048e-33
2.09093e-33
1.73558e-34
-2.5833e-35
-3.19324e-36
2.80151e-37
5.0539e-38
-2.56302e-39
-7.14796e-40
1.75821e-41
9.21092e-42
-3.83858e-44
-1.0928e-43
-1.43074e-45
1.2004e-45
3.39403e-47
-1.23109e-47
-5.20627e-49
1.18575e-49
6.57758e-51
-1.0657e-51
-7.28047e-53
9.01725e-54
7.31306e-55
-7.13061e-56
-6.65304e-57
5.32802e-58
5.571e-59
-3.7164e-60
-4.31417e-61
2.44108e-62
3.03035e-63
-1.51448e-64
-1.9596e-65
8.87408e-67
1.1613e-67
-4.89814e-69
-6.25382e-70
2.51176e-71
3.01553e-72
-1.18789e-73
-1.28048e-74
5.10606e-76
4.67124e-77
-1.97041e-78
-1.48917e-79
6.51679e-81
3.79818e-82
-1.78958e-83
-7.46047e-85
3.86319e-86
1.02671e-87
-5.87476e-89
-7.91709e-91
5.15768e-92
2.35536e-94
-1.53874e-95
0.000227308
0.000135491
7.84665e-05
4.2564e-05
2.10205e-05
9.15277e-06
3.35018e-06
9.36786e-07
1.41777e-07
-2.96553e-08
-2.95868e-08
-1.04979e-08
-1.6701e-09
2.44653e-10
2.12046e-10
4.88017e-11
-6.1305e-15
-2.95068e-12
-6.95804e-13
3.00518e-15
3.40457e-14
6.00439e-15
-4.26026e-16
-2.98414e-16
-2.61939e-17
6.82729e-18
1.65449e-18
-2.4909e-20
-4.99177e-20
-4.04329e-21
9.29712e-22
1.74914e-22
-8.38614e-24
-4.49374e-24
-1.18856e-25
8.45771e-26
7.23891e-27
-1.20604e-27
-1.93274e-28
1.19817e-29
3.82699e-30
-3.58201e-32
-6.25116e-32
-1.78903e-33
8.76208e-34
5.53334e-35
-1.07222e-35
-1.08653e-36
1.14015e-37
1.72765e-38
-1.02422e-39
-2.40451e-40
7.05811e-42
3.00587e-42
-2.1084e-44
-3.43053e-44
-3.8602e-46
3.61926e-46
9.88136e-48
-3.54732e-48
-1.49137e-49
3.24983e-50
1.83187e-51
-2.77828e-52
-1.94626e-53
2.21453e-54
1.8578e-55
-1.65203e-56
-1.60919e-57
1.15676e-58
1.27549e-59
-7.63949e-61
-9.34198e-62
4.73204e-63
6.24608e-64
-2.75989e-65
-3.82717e-66
1.50909e-67
2.13023e-68
-7.74861e-70
-1.06587e-70
3.74632e-72
4.72628e-73
-1.67614e-74
-1.85528e-75
6.76864e-77
6.30518e-78
-2.40654e-79
-1.74735e-80
7.41005e-82
3.85833e-83
-1.81429e-84
-6.54149e-86
3.37555e-87
6.64612e-89
-4.14147e-90
-3.24558e-92
2.36522e-93
-2.17571e-96
0.000229345
0.000139754
8.30113e-05
4.64985e-05
2.3951e-05
1.104e-05
4.38247e-06
1.3989e-06
2.99151e-07
2.55848e-09
-3.19753e-08
-1.56051e-08
-3.79601e-09
-1.44425e-10
2.56784e-10
9.66511e-11
1.15893e-11
-2.98595e-12
-1.44612e-12
-1.71339e-13
3.73383e-14
1.53812e-14
1.10379e-15
-4.507e-16
-1.1064e-16
7.38976e-19
3.8293e-18
4.35158e-19
-6.62274e-20
-1.91458e-20
-6.84715e-23
4.80088e-22
4.18672e-23
-7.76279e-24
-1.48891e-24
6.05698e-26
3.38515e-26
8.85742e-28
-5.78434e-28
-4.6947e-29
7.57239e-30
1.14062e-30
-7.01654e-32
-2.07043e-32
2.26039e-34
3.11036e-34
7.95338e-36
-4.00444e-36
-2.34443e-37
4.50382e-38
4.27078e-39
-4.39988e-40
-6.28682e-41
3.61187e-42
7.99315e-43
-2.27855e-44
-9.15175e-45
6.32809e-47
9.54357e-47
1.01863e-48
-9.14157e-49
-2.34833e-50
8.14149e-51
3.16012e-52
-6.76429e-53
-3.47024e-54
5.24794e-55
3.30239e-56
-3.80027e-57
-2.82548e-58
2.57956e-59
2.19383e-60
-1.62884e-61
-1.532e-62
9.6546e-64
9.72198e-65
-5.39655e-66
-5.57995e-67
2.82869e-68
2.91343e-69
-1.39051e-70
-1.34975e-71
6.30245e-73
5.54009e-74
-2.61643e-75
-1.93531e-76
9.67651e-78
5.83683e-79
-3.1044e-80
-1.36996e-81
8.2281e-83
2.48587e-84
-1.69451e-85
-2.86112e-87
2.5093e-88
1.87095e-90
-2.21692e-91
2.58885e-95
6.64574e-95
0.000230485
0.000142205
8.58708e-05
4.92005e-05
2.61327e-05
1.25602e-05
5.28735e-06
1.84784e-06
4.75568e-07
5.08721e-08
-2.7526e-08
-1.93353e-08
-6.16315e-09
-8.13108e-10
2.13231e-10
1.39577e-10
2.94627e-11
-7.2669e-13
-2.03256e-12
-4.59307e-13
4.90708e-15
2.38121e-14
4.3073e-15
-2.68435e-16
-2.16118e-16
-2.21786e-17
4.53359e-18
1.31244e-18
1.52252e-20
-3.67841e-20
-4.21559e-21
5.5881e-22
1.55345e-22
-1.11153e-25
-3.51208e-24
-2.5899e-25
5.41365e-26
8.67602e-27
-4.83893e-28
-1.85796e-28
-1.85565e-30
3.03297e-30
1.80842e-31
-3.90376e-32
-4.47414e-33
3.83602e-34
7.88944e-35
-2.29875e-36
-1.13646e-36
-8.9095e-39
1.39887e-38
5.34078e-40
-1.51131e-40
-1.03249e-41
1.43968e-42
1.49018e-43
-1.19262e-44
-1.81706e-45
8.31782e-47
1.94641e-47
-4.43773e-49
-1.89515e-49
1.01635e-51
1.69565e-51
1.45221e-53
-1.39639e-53
-2.8527e-55
1.06846e-55
3.23483e-57
-7.58096e-58
-2.95027e-59
5.02414e-60
2.30403e-61
-3.12648e-62
-1.5831e-63
1.81165e-64
9.60775e-66
-9.91229e-67
-5.25794e-68
4.99372e-69
2.55972e-70
-2.30906e-71
-1.09021e-72
9.78269e-74
4.07649e-75
-3.66664e-76
-1.26734e-77
1.18874e-78
3.05627e-80
-3.2745e-81
-5.4153e-83
7.32468e-84
5.85366e-86
-1.22626e-86
-6.48991e-90
1.27949e-89
-7.19412e-92
-6.92313e-93
4.51281e-95
0.000230833
0.00014304
8.7208e-05
5.0734e-05
2.75342e-05
1.36315e-05
5.98095e-06
2.22493e-06
6.41819e-07
1.0591e-07
-1.72022e-08
-2.07904e-08
-8.18447e-09
-1.6073e-09
7.78743e-11
1.60464e-10
4.83009e-11
3.70075e-12
-2.07804e-12
-7.59908e-13
-6.52595e-14
2.48473e-14
8.0994e-15
3.89796e-16
-2.69571e-16
-5.74864e-17
1.406e-18
2.14525e-18
2.24129e-19
-3.8417e-20
-1.05545e-20
-4.14604e-23
2.64841e-22
2.46685e-23
-4.02302e-24
-8.5817e-25
2.03992e-26
1.85991e-26
8.40148e-28
-2.89468e-28
-3.1969e-29
3.1188e-30
6.90004e-31
-1.43504e-32
-1.11946e-32
-2.98332e-34
1.46167e-34
1.00838e-35
-1.55721e-36
-1.87709e-37
1.29496e-38
2.71214e-39
-6.74147e-41
-3.32403e-41
-1.88903e-43
3.54207e-43
1.09098e-44
-3.37271e-45
-1.8468e-46
2.89761e-47
2.32495e-48
-2.22797e-49
-2.4697e-50
1.53522e-51
2.32979e-52
-9.33469e-54
-1.96704e-54
4.90497e-56
1.52422e-56
-2.06314e-58
-1.09103e-58
5.16954e-61
7.21798e-61
1.23702e-63
-4.45012e-63
-2.82608e-65
2.52047e-65
2.23247e-67
-1.30723e-67
-1.23968e-69
6.166e-70
5.25487e-72
-2.68034e-72
-1.5815e-74
1.02991e-74
2.80712e-77
-3.45591e-77
5.62269e-80
1.00139e-79
-6.05965e-82
-2.34679e-82
2.51862e-84
4.1565e-85
-6.46672e-87
-5.2156e-88
9.58734e-90
3.48656e-91
-6.86651e-93
-6.43352e-95
0.000230604
0.000143068
8.78183e-05
5.15987e-05
2.837e-05
1.42913e-05
6.42978e-06
2.48675e-06
7.6973e-07
1.55149e-07
-4.22742e-09
-1.99112e-08
-9.36837e-09
-2.29606e-09
-1.05941e-10
1.52198e-10
6.14309e-11
8.76498e-12
-1.49945e-12
-9.40778e-13
-1.46888e-13
1.62827e-14
1.05722e-14
1.28576e-15
-2.20695e-16
-8.68788e-17
-4.95873e-18
2.31668e-18
4.62623e-19
-1.49437e-20
-1.50392e-20
-1.17657e-21
2.72115e-22
5.3934e-23
-1.64877e-24
-1.32847e-24
-6.72404e-26
2.19086e-26
2.79937e-27
-2.23908e-28
-6.33957e-29
1.3407e-31
1.04663e-30
5.27674e-32
-1.334e-32
-1.4067e-33
1.26374e-34
2.47458e-35
-6.76745e-37
-3.45344e-37
-4.23141e-39
4.03634e-39
1.83728e-40
-4.02924e-41
-3.2387e-42
3.43643e-43
4.3174e-44
-2.40113e-45
-4.85714e-46
1.21555e-47
4.78762e-48
-1.5003e-50
-4.2492e-50
-6.14447e-52
3.45982e-52
1.02114e-53
-2.59318e-54
-1.12002e-55
1.79707e-56
9.94596e-58
-1.15143e-58
-7.70086e-60
6.88248e-61
5.31335e-62
-3.83538e-63
-3.29502e-64
2.01745e-65
1.8373e-66
-9.92652e-68
-9.25878e-69
4.56532e-70
4.11997e-71
-1.9658e-72
-1.62491e-73
7.71137e-75
5.45415e-76
-2.76463e-77
-1.59761e-78
8.52793e-80
3.80271e-81
-2.18025e-82
-6.52532e-84
4.44359e-85
7.31627e-87
-6.43241e-88
-4.40294e-90
5.22565e-91
1.99008e-94
-1.45362e-94
)
;

boundaryField
{
    back
    {
        type            empty;
    }
    top
    {
        type            uniformInletOutlet;
        uniformInletValue table
        
14
(
(0 0)
(3456 0.000431034)
(86400 0.000172414)
(172800 0.000172414)
(259200 0.000172414)
(262656 0.000603448)
(345600 0.000241379)
(518400 0.000241379)
(521856 0.000672414)
(604800 0.000268966)
(777600 0.000268966)
(781056 0.0007)
(864000 0.00028)
(1.1232e+06 0.00028)
)
;
        value           nonuniform List<scalar> 
54
(
0.00028
0.00028
0.00028
0.00028
0.00028
0.00028
0.00028
0.00028
0.00028
0.00028
0.00028
0.00028
9.51173e-05
5.30182e-05
2.16658e-05
4.05932e-06
-4.84869e-07
-2.07423e-07
2.13148e-06
1.16973e-05
0.00028
0.00028
0.00028
-1.7961e-06
9.07128e-08
-2.1071e-09
1.42642e-11
2.30208e-12
-4.15484e-14
-2.64225e-14
-2.26264e-16
-8.26156e-15
4.07304e-13
-3.36134e-11
2.6232e-09
-2.04283e-08
-2.53948e-07
-3.43175e-07
3.04527e-06
1.72611e-05
4.98527e-05
0.00028
0.00028
0.00028
0.00028
0.00028
0.00028
0.00028
0.00028
0.00028
0.00028
0.00028
0.00028
0.00028
)
;
    }
    right
    {
        type            cyclicAMI;
        value           nonuniform List<scalar> 
99
(
0.00023066
0.000143346
8.8088e-05
5.18182e-05
2.85497e-05
1.44364e-05
6.53749e-06
2.5573e-06
8.08876e-07
1.7278e-07
1.67679e-09
-1.88126e-08
-9.54285e-09
-2.52218e-09
-1.9234e-10
1.38514e-10
6.41522e-11
1.08627e-11
-1.0454e-12
-9.57437e-13
-1.8047e-13
9.23513e-15
1.08591e-14
1.6973e-15
-1.58266e-16
-9.40349e-17
-8.57942e-18
2.06058e-18
5.54581e-19
4.84573e-21
-1.5566e-20
-1.80396e-21
2.2318e-22
6.54137e-23
5.57008e-25
-1.40938e-24
-1.21974e-25
1.95499e-26
3.72588e-27
-1.17597e-28
-7.36382e-29
-2.33621e-30
1.07894e-30
9.43323e-32
-1.17117e-32
-1.95137e-33
7.75121e-35
3.02128e-35
2.15938e-37
-3.81025e-37
-1.69928e-38
4.01277e-39
3.35597e-40
-3.49338e-41
-4.77597e-42
2.37717e-43
5.64667e-44
-9.38847e-46
-5.80879e-46
-4.53632e-48
5.30388e-48
1.49341e-49
-4.36866e-50
-2.06796e-51
3.28176e-52
2.17993e-53
-2.25671e-54
-1.96725e-55
1.42471e-56
1.56899e-57
-8.22742e-59
-1.12281e-59
4.38736e-61
7.3181e-62
-2.15783e-63
-4.34759e-64
1.01234e-65
2.35293e-66
-4.51979e-68
-1.1659e-68
1.97141e-70
5.20654e-71
-8.405e-73
-2.06218e-73
3.44828e-75
7.11023e-76
-1.37682e-77
-2.11198e-78
4.73686e-80
5.21076e-81
-1.3596e-82
-1.007e-83
3.10635e-85
1.38349e-86
-4.9741e-88
-1.17311e-89
4.57112e-91
3.93762e-93
-1.43395e-94
)
;
    }
    bottom
    {
        type            zeroGradient;
    }
    left
    {
        type            cyclicAMI;
        value           nonuniform List<scalar> 
99
(
0.00023066
0.000143346
8.8088e-05
5.18182e-05
2.85497e-05
1.44364e-05
6.53749e-06
2.5573e-06
8.08876e-07
1.7278e-07
1.67679e-09
-1.88126e-08
-9.54285e-09
-2.52218e-09
-1.9234e-10
1.38514e-10
6.41522e-11
1.08627e-11
-1.0454e-12
-9.57437e-13
-1.8047e-13
9.23513e-15
1.08591e-14
1.6973e-15
-1.58266e-16
-9.40349e-17
-8.57942e-18
2.06058e-18
5.54581e-19
4.84573e-21
-1.5566e-20
-1.80396e-21
2.2318e-22
6.54137e-23
5.57008e-25
-1.40938e-24
-1.21974e-25
1.95499e-26
3.72588e-27
-1.17597e-28
-7.36382e-29
-2.33621e-30
1.07894e-30
9.43323e-32
-1.17117e-32
-1.95137e-33
7.75121e-35
3.02128e-35
2.15938e-37
-3.81025e-37
-1.69928e-38
4.01277e-39
3.35597e-40
-3.49338e-41
-4.77597e-42
2.37717e-43
5.64667e-44
-9.38847e-46
-5.80879e-46
-4.53632e-48
5.30388e-48
1.49341e-49
-4.36866e-50
-2.06796e-51
3.28176e-52
2.17993e-53
-2.25671e-54
-1.96725e-55
1.42471e-56
1.56899e-57
-8.22742e-59
-1.12281e-59
4.38736e-61
7.3181e-62
-2.15783e-63
-4.34759e-64
1.01234e-65
2.35293e-66
-4.51979e-68
-1.1659e-68
1.97141e-70
5.20654e-71
-8.405e-73
-2.06218e-73
3.44828e-75
7.11023e-76
-1.37682e-77
-2.11198e-78
4.73686e-80
5.21076e-81
-1.3596e-82
-1.007e-83
3.10635e-85
1.38349e-86
-4.9741e-88
-1.17311e-89
4.57112e-91
3.93762e-93
-1.43395e-94
)
;
    }
    front
    {
        type            empty;
    }
}


// ************************************************************************* //
