/*--------------------------------*- C++ -*----------------------------------*\
  =========                 |
  \\      /  F ield         | OpenFOAM: The Open Source CFD Toolbox
   \\    /   O peration     | Website:  https://openfoam.org
    \\  /    A nd           | Version:  7
     \\/     M anipulation  |
\*---------------------------------------------------------------------------*/
FoamFile
{
    version     2.0;
    format      ascii;
    class       volScalarField;
    location    "1123200.0";
    object      h;
}
// * * * * * * * * * * * * * * * * * * * * * * * * * * * * * * * * * * * * * //

dimensions      [0 1 0 0 0 0 0];

internalField   nonuniform List<scalar> 
5346
(
0.0129338
0.00864746
0.00615683
0.00453833
0.00340645
0.00257074
0.00192633
0.00141159
0.000988854
0.000634414
0.000332899
7.39593e-05
-0.000149759
-0.000343819
-0.000512644
-0.000659873
-0.000788554
-0.000901264
-0.00100019
-0.00108717
-0.00116382
-0.00123146
-0.00129126
-0.00134422
-0.0013912
-0.00143292
-0.00147004
-0.00150311
-0.00153261
-0.00155895
-0.00158252
-0.00160361
-0.00162253
-0.00163951
-0.00165476
-0.00166848
-0.00168084
-0.00169198
-0.00170203
-0.00171111
-0.00171932
-0.00172675
-0.00173348
-0.00173958
-0.00174512
-0.00175015
-0.00175472
-0.00175888
-0.00176267
-0.00176613
-0.00176928
-0.00177216
-0.00177478
-0.00177719
-0.00177939
-0.0017814
-0.00178324
-0.00178494
-0.00178649
-0.00178791
-0.00178922
-0.00179042
-0.00179153
-0.00179255
-0.00179348
-0.00179435
-0.00179514
-0.00179587
-0.00179655
-0.00179717
-0.00179774
-0.00179827
-0.00179876
-0.00179921
-0.00179962
-0.0018
-0.00180035
-0.00180068
-0.00180097
-0.00180125
-0.0018015
-0.00180173
-0.00180193
-0.00180213
-0.0018023
-0.00180246
-0.0018026
-0.00180273
-0.00180284
-0.00180294
-0.00180303
-0.00180311
-0.00180317
-0.00180323
-0.00180327
-0.00180331
-0.00180334
-0.00180335
-0.00180336
0.0126355
0.0083442
0.0058853
0.00430428
0.0032057
0.0023975
0.00177559
0.00127954
0.000872629
0.00053181
0.000242147
-6.42649e-06
-0.000221066
-0.000407169
-0.000569011
-0.000710106
-0.000833393
-0.00094135
-0.00103608
-0.00111936
-0.00119271
-0.00125745
-0.00131466
-0.00136532
-0.00141024
-0.00145013
-0.00148562
-0.00151722
-0.0015454
-0.00157057
-0.00159308
-0.00161322
-0.00163128
-0.00164748
-0.00166204
-0.00167513
-0.00168692
-0.00169754
-0.00170713
-0.00171578
-0.00172361
-0.00173069
-0.0017371
-0.00174291
-0.00174819
-0.00175298
-0.00175733
-0.0017613
-0.0017649
-0.00176819
-0.00177119
-0.00177392
-0.00177642
-0.00177871
-0.0017808
-0.00178271
-0.00178447
-0.00178607
-0.00178755
-0.0017889
-0.00179014
-0.00179129
-0.00179234
-0.0017933
-0.00179419
-0.00179501
-0.00179576
-0.00179646
-0.0017971
-0.00179769
-0.00179823
-0.00179873
-0.00179919
-0.00179962
-0.00180001
-0.00180037
-0.00180071
-0.00180101
-0.00180129
-0.00180155
-0.00180179
-0.00180201
-0.00180221
-0.00180239
-0.00180255
-0.0018027
-0.00180283
-0.00180296
-0.00180306
-0.00180316
-0.00180324
-0.00180332
-0.00180338
-0.00180343
-0.00180347
-0.00180351
-0.00180353
-0.00180355
-0.00180356
0.0120938
0.00786874
0.00547615
0.00395596
0.00290936
0.00214413
0.00155747
0.00109053
0.000707958
0.000387765
0.000115766
-0.000117575
-0.000319027
-0.000493681
-0.000645567
-0.000777986
-0.000893697
-0.000995023
-0.00108394
-0.00116211
-0.00123097
-0.00129173
-0.00134543
-0.00139298
-0.00143514
-0.00147258
-0.00150588
-0.00153553
-0.00156198
-0.00158559
-0.0016067
-0.0016256
-0.00164253
-0.00165773
-0.00167137
-0.00168365
-0.00169469
-0.00170465
-0.00171363
-0.00172174
-0.00172906
-0.00173569
-0.0017417
-0.00174714
-0.00175208
-0.00175656
-0.00176063
-0.00176434
-0.00176771
-0.00177079
-0.00177359
-0.00177615
-0.00177848
-0.00178062
-0.00178257
-0.00178436
-0.001786
-0.0017875
-0.00178887
-0.00179014
-0.0017913
-0.00179236
-0.00179334
-0.00179424
-0.00179507
-0.00179583
-0.00179654
-0.00179718
-0.00179778
-0.00179833
-0.00179884
-0.0017993
-0.00179973
-0.00180013
-0.0018005
-0.00180083
-0.00180114
-0.00180143
-0.00180169
-0.00180193
-0.00180215
-0.00180235
-0.00180254
-0.00180271
-0.00180286
-0.001803
-0.00180312
-0.00180324
-0.00180334
-0.00180342
-0.0018035
-0.00180357
-0.00180363
-0.00180368
-0.00180372
-0.00180375
-0.00180377
-0.00180379
-0.00180379
0.0112448
0.00718508
0.0049126
0.00348567
0.00251337
0.00180797
0.00126991
0.000842879
0.000493478
0.000201186
-4.71165e-05
-0.000260177
-0.000444188
-0.000603791
-0.000742654
-0.000863782
-0.000969676
-0.00106245
-0.00114389
-0.00121552
-0.00127864
-0.00133435
-0.00138361
-0.00142723
-0.00146592
-0.00150028
-0.00153084
-0.00155805
-0.00158233
-0.001604
-0.00162338
-0.00164073
-0.00165627
-0.00167021
-0.00168274
-0.001694
-0.00170414
-0.00171327
-0.00172151
-0.00172894
-0.00173567
-0.00174174
-0.00174725
-0.00175224
-0.00175676
-0.00176087
-0.0017646
-0.001768
-0.00177109
-0.0017739
-0.00177647
-0.00177881
-0.00178095
-0.0017829
-0.00178469
-0.00178632
-0.00178782
-0.00178919
-0.00179045
-0.00179161
-0.00179267
-0.00179364
-0.00179453
-0.00179536
-0.00179611
-0.00179681
-0.00179745
-0.00179804
-0.00179859
-0.00179909
-0.00179955
-0.00179998
-0.00180037
-0.00180073
-0.00180107
-0.00180137
-0.00180166
-0.00180192
-0.00180215
-0.00180237
-0.00180257
-0.00180276
-0.00180293
-0.00180308
-0.00180322
-0.00180335
-0.00180346
-0.00180356
-0.00180365
-0.00180374
-0.00180381
-0.00180387
-0.00180392
-0.00180397
-0.001804
-0.00180403
-0.00180405
-0.00180406
-0.00180407
0.01006
0.00627231
0.00418245
0.00288723
0.00201473
0.00138749
0.000912043
0.000536025
0.000228805
-2.81936e-05
-0.000246657
-0.000434312
-0.000596567
-0.000737479
-0.000860229
-0.000967429
-0.00106126
-0.00114355
-0.00121586
-0.00127952
-0.00133566
-0.00138525
-0.00142912
-0.00146799
-0.00150249
-0.00153314
-0.00156041
-0.00158471
-0.00160638
-0.00162574
-0.00164305
-0.00165854
-0.00167243
-0.00168489
-0.00169608
-0.00170615
-0.0017152
-0.00172337
-0.00173073
-0.00173737
-0.00174337
-0.0017488
-0.00175372
-0.00175817
-0.00176221
-0.00176588
-0.00176921
-0.00177224
-0.001775
-0.00177751
-0.0017798
-0.00178189
-0.0017838
-0.00178554
-0.00178713
-0.00178859
-0.00178993
-0.00179115
-0.00179227
-0.0017933
-0.00179424
-0.00179511
-0.00179591
-0.00179664
-0.00179731
-0.00179793
-0.0017985
-0.00179903
-0.00179951
-0.00179996
-0.00180037
-0.00180075
-0.0018011
-0.00180142
-0.00180172
-0.00180199
-0.00180224
-0.00180247
-0.00180268
-0.00180288
-0.00180306
-0.00180322
-0.00180337
-0.00180351
-0.00180363
-0.00180374
-0.00180384
-0.00180393
-0.00180401
-0.00180409
-0.00180415
-0.0018042
-0.00180425
-0.00180429
-0.00180432
-0.00180435
-0.00180437
-0.00180438
-0.00180438
0.00853393
0.00512381
0.00328122
0.00215846
0.00141293
0.000883073
0.000484601
0.000170811
-8.52298e-05
-0.00029957
-0.00048211
-0.000639284
-0.000775532
-0.000894159
-0.000997759
-0.00108845
-0.00116801
-0.00123792
-0.00129948
-0.00135377
-0.00140172
-0.00144414
-0.00148172
-0.00151505
-0.00154466
-0.00157099
-0.00159444
-0.00161534
-0.001634
-0.00165067
-0.00166559
-0.00167895
-0.00169092
-0.00170167
-0.00171132
-0.00172
-0.00172782
-0.00173486
-0.00174122
-0.00174695
-0.00175213
-0.00175682
-0.00176106
-0.00176491
-0.00176839
-0.00177156
-0.00177443
-0.00177705
-0.00177943
-0.00178159
-0.00178357
-0.00178537
-0.00178701
-0.00178851
-0.00178989
-0.00179114
-0.00179229
-0.00179334
-0.00179431
-0.0017952
-0.00179601
-0.00179676
-0.00179744
-0.00179807
-0.00179865
-0.00179919
-0.00179968
-0.00180013
-0.00180055
-0.00180093
-0.00180128
-0.00180161
-0.00180191
-0.00180218
-0.00180244
-0.00180267
-0.00180289
-0.00180309
-0.00180327
-0.00180344
-0.00180359
-0.00180373
-0.00180386
-0.00180398
-0.00180408
-0.00180418
-0.00180426
-0.00180434
-0.00180441
-0.00180447
-0.00180453
-0.00180458
-0.00180462
-0.00180465
-0.00180468
-0.0018047
-0.00180471
-0.00180472
-0.00180473
0.00667606
0.0037454
0.00221307
0.00130288
0.00071123
0.000297807
-9.52428e-06
-0.000250125
-0.000446255
-0.000610843
-0.000751625
-0.000873462
-0.000979645
-0.00107258
-0.00115414
-0.00122587
-0.00128907
-0.00134483
-0.00139411
-0.0014377
-0.00147633
-0.00151058
-0.001541
-0.00156803
-0.0015921
-0.00161353
-0.00163265
-0.00164971
-0.00166496
-0.0016786
-0.00169082
-0.00170176
-0.00171158
-0.0017204
-0.00172833
-0.00173546
-0.00174188
-0.00174767
-0.00175289
-0.0017576
-0.00176186
-0.00176572
-0.00176921
-0.00177237
-0.00177524
-0.00177784
-0.00178021
-0.00178236
-0.00178431
-0.00178609
-0.00178772
-0.0017892
-0.00179055
-0.00179179
-0.00179291
-0.00179395
-0.00179489
-0.00179576
-0.00179655
-0.00179728
-0.00179795
-0.00179856
-0.00179912
-0.00179964
-0.00180012
-0.00180056
-0.00180096
-0.00180133
-0.00180167
-0.00180199
-0.00180228
-0.00180254
-0.00180279
-0.00180302
-0.00180323
-0.00180342
-0.00180359
-0.00180376
-0.00180391
-0.00180404
-0.00180417
-0.00180428
-0.00180439
-0.00180448
-0.00180457
-0.00180465
-0.00180472
-0.00180479
-0.00180484
-0.00180489
-0.00180494
-0.00180498
-0.00180501
-0.00180504
-0.00180506
-0.00180508
-0.00180509
-0.0018051
-0.0018051
0.00451289
0.00215884
0.000993117
0.000331186
-8.22276e-05
-0.000361656
-0.000564681
-0.000721915
-0.000850059
-0.000958361
-0.00105203
-0.00113411
-0.00120653
-0.00127068
-0.0013276
-0.00137817
-0.00142312
-0.00146312
-0.00149872
-0.00153043
-0.00155869
-0.00158388
-0.00160635
-0.00162642
-0.00164433
-0.00166035
-0.00167467
-0.00168749
-0.00169897
-0.00170926
-0.00171849
-0.00172677
-0.00173422
-0.00174091
-0.00174693
-0.00175235
-0.00175724
-0.00176164
-0.00176562
-0.00176922
-0.00177247
-0.00177541
-0.00177807
-0.00178049
-0.00178268
-0.00178467
-0.00178647
-0.00178812
-0.00178961
-0.00179097
-0.00179222
-0.00179335
-0.00179438
-0.00179533
-0.00179619
-0.00179698
-0.0017977
-0.00179836
-0.00179897
-0.00179952
-0.00180003
-0.0018005
-0.00180093
-0.00180133
-0.00180169
-0.00180203
-0.00180234
-0.00180262
-0.00180288
-0.00180312
-0.00180334
-0.00180355
-0.00180373
-0.00180391
-0.00180407
-0.00180421
-0.00180435
-0.00180447
-0.00180459
-0.00180469
-0.00180479
-0.00180487
-0.00180495
-0.00180503
-0.00180509
-0.00180515
-0.00180521
-0.00180526
-0.0018053
-0.00180534
-0.00180537
-0.0018054
-0.00180543
-0.00180545
-0.00180546
-0.00180548
-0.00180549
-0.00180549
-0.0018055
0.00210189
0.000403808
-0.000352664
-0.00073856
-0.000953842
-0.00108448
-0.00117192
-0.00123701
-0.00129023
-0.00133666
-0.00137866
-0.00141722
-0.00145279
-0.00148555
-0.00151564
-0.00154318
-0.00156832
-0.00159118
-0.00161194
-0.00163075
-0.00164776
-0.00166312
-0.00167698
-0.00168947
-0.00170073
-0.00171087
-0.00172
-0.00172821
-0.00173561
-0.00174228
-0.00174828
-0.00175368
-0.00175856
-0.00176295
-0.00176691
-0.00177049
-0.00177372
-0.00177664
-0.00177927
-0.00178166
-0.00178382
-0.00178578
-0.00178756
-0.00178917
-0.00179063
-0.00179196
-0.00179316
-0.00179426
-0.00179526
-0.00179617
-0.001797
-0.00179776
-0.00179846
-0.00179909
-0.00179967
-0.0018002
-0.00180068
-0.00180112
-0.00180153
-0.0018019
-0.00180225
-0.00180256
-0.00180285
-0.00180311
-0.00180336
-0.00180358
-0.00180379
-0.00180398
-0.00180415
-0.00180432
-0.00180446
-0.0018046
-0.00180473
-0.00180484
-0.00180495
-0.00180505
-0.00180514
-0.00180522
-0.0018053
-0.00180537
-0.00180543
-0.00180549
-0.00180554
-0.00180559
-0.00180564
-0.00180568
-0.00180571
-0.00180575
-0.00180578
-0.0018058
-0.00180582
-0.00180584
-0.00180586
-0.00180587
-0.00180589
-0.00180589
-0.0018059
-0.00180591
-0.00180591
-0.000494435
-0.00147262
-0.00179078
-0.00188157
-0.00188439
-0.00185521
-0.00181855
-0.00178484
-0.00175788
-0.00173826
-0.00172519
-0.00171748
-0.00171388
-0.00171334
-0.00171498
-0.00171812
-0.00172224
-0.00172695
-0.00173198
-0.0017371
-0.00174218
-0.00174711
-0.00175183
-0.00175629
-0.00176048
-0.00176438
-0.001768
-0.00177133
-0.0017744
-0.00177721
-0.00177978
-0.00178213
-0.00178428
-0.00178623
-0.00178801
-0.00178963
-0.0017911
-0.00179244
-0.00179366
-0.00179477
-0.00179578
-0.00179669
-0.00179753
-0.00179829
-0.00179898
-0.00179961
-0.00180019
-0.00180071
-0.00180119
-0.00180162
-0.00180202
-0.00180239
-0.00180272
-0.00180302
-0.0018033
-0.00180356
-0.00180379
-0.00180401
-0.0018042
-0.00180438
-0.00180455
-0.0018047
-0.00180484
-0.00180497
-0.00180509
-0.0018052
-0.0018053
-0.00180539
-0.00180548
-0.00180556
-0.00180563
-0.00180569
-0.00180576
-0.00180581
-0.00180586
-0.00180591
-0.00180596
-0.001806
-0.00180603
-0.00180607
-0.0018061
-0.00180613
-0.00180615
-0.00180618
-0.0018062
-0.00180622
-0.00180624
-0.00180625
-0.00180627
-0.00180628
-0.00180629
-0.0018063
-0.00180631
-0.00180631
-0.00180632
-0.00180632
-0.00180633
-0.00180633
-0.00180633
-0.00321392
-0.00341623
-0.00328082
-0.00306626
-0.00284854
-0.00265331
-0.00248775
-0.00235157
-0.00224154
-0.00215357
-0.00208362
-0.00202814
-0.00198416
-0.00194927
-0.00192157
-0.00189952
-0.00188194
-0.00186789
-0.00185664
-0.0018476
-0.00184031
-0.00183443
-0.00182966
-0.00182578
-0.00182262
-0.00182003
-0.00181791
-0.00181616
-0.00181472
-0.00181352
-0.00181252
-0.00181169
-0.00181099
-0.00181041
-0.00180991
-0.00180949
-0.00180914
-0.00180883
-0.00180858
-0.00180835
-0.00180816
-0.001808
-0.00180785
-0.00180773
-0.00180762
-0.00180752
-0.00180744
-0.00180737
-0.0018073
-0.00180725
-0.0018072
-0.00180715
-0.00180711
-0.00180708
-0.00180705
-0.00180702
-0.00180699
-0.00180697
-0.00180695
-0.00180693
-0.00180692
-0.0018069
-0.00180689
-0.00180688
-0.00180686
-0.00180685
-0.00180685
-0.00180684
-0.00180683
-0.00180682
-0.00180682
-0.00180681
-0.00180681
-0.0018068
-0.0018068
-0.00180679
-0.00180679
-0.00180679
-0.00180678
-0.00180678
-0.00180678
-0.00180678
-0.00180677
-0.00180677
-0.00180677
-0.00180677
-0.00180677
-0.00180677
-0.00180676
-0.00180676
-0.00180676
-0.00180676
-0.00180676
-0.00180676
-0.00180676
-0.00180676
-0.00180676
-0.00180676
-0.00180676
-0.00591878
-0.00535649
-0.00477144
-0.00425217
-0.00381394
-0.00345272
-0.00315843
-0.00291997
-0.00272708
-0.00257097
-0.00244431
-0.0023412
-0.00225691
-0.00218772
-0.00213064
-0.00208335
-0.00204398
-0.00201105
-0.00198338
-0.00196003
-0.00194024
-0.0019234
-0.001909
-0.00189665
-0.00188602
-0.00187683
-0.00186886
-0.00186193
-0.00185588
-0.00185059
-0.00184595
-0.00184187
-0.00183826
-0.00183508
-0.00183226
-0.00182976
-0.00182753
-0.00182555
-0.00182378
-0.00182219
-0.00182078
-0.0018195
-0.00181836
-0.00181733
-0.00181641
-0.00181557
-0.00181482
-0.00181413
-0.00181352
-0.00181296
-0.00181245
-0.00181199
-0.00181157
-0.00181119
-0.00181084
-0.00181052
-0.00181024
-0.00180997
-0.00180973
-0.00180951
-0.00180931
-0.00180912
-0.00180895
-0.0018088
-0.00180866
-0.00180853
-0.00180841
-0.0018083
-0.00180819
-0.0018081
-0.00180802
-0.00180794
-0.00180786
-0.0018078
-0.00180774
-0.00180768
-0.00180763
-0.00180758
-0.00180754
-0.0018075
-0.00180746
-0.00180743
-0.00180739
-0.00180737
-0.00180734
-0.00180732
-0.0018073
-0.00180728
-0.00180726
-0.00180725
-0.00180723
-0.00180722
-0.00180721
-0.00180721
-0.0018072
-0.00180719
-0.00180719
-0.00180719
-0.00180719
-0.00845932
-0.00720149
-0.00619654
-0.00538835
-0.00474071
-0.00422193
-0.00380544
-0.00346984
-0.00319818
-0.00297715
-0.00279634
-0.00264762
-0.00252462
-0.00242235
-0.00233687
-0.00226507
-0.00220447
-0.00215309
-0.00210933
-0.00207192
-0.0020398
-0.00201213
-0.00198821
-0.00196745
-0.0019494
-0.00193364
-0.00191984
-0.00190774
-0.0018971
-0.00188772
-0.00187943
-0.00187209
-0.00186558
-0.0018598
-0.00185465
-0.00185006
-0.00184596
-0.00184229
-0.001839
-0.00183605
-0.0018334
-0.00183102
-0.00182888
-0.00182694
-0.0018252
-0.00182362
-0.00182219
-0.0018209
-0.00181973
-0.00181866
-0.0018177
-0.00181682
-0.00181602
-0.00181529
-0.00181463
-0.00181402
-0.00181347
-0.00181296
-0.0018125
-0.00181208
-0.00181169
-0.00181134
-0.00181101
-0.00181071
-0.00181044
-0.00181019
-0.00180996
-0.00180974
-0.00180955
-0.00180937
-0.0018092
-0.00180905
-0.00180891
-0.00180878
-0.00180867
-0.00180856
-0.00180846
-0.00180837
-0.00180828
-0.0018082
-0.00180813
-0.00180807
-0.00180801
-0.00180796
-0.00180791
-0.00180786
-0.00180782
-0.00180779
-0.00180775
-0.00180773
-0.0018077
-0.00180768
-0.00180766
-0.00180764
-0.00180763
-0.00180762
-0.00180761
-0.00180761
-0.00180761
-0.0106742
-0.0088389
-0.00747568
-0.00641408
-0.00558256
-0.0049252
-0.00440088
-0.00397913
-0.00363718
-0.00335786
-0.00312808
-0.00293781
-0.0027793
-0.00264648
-0.00253458
-0.00243986
-0.00235929
-0.00229046
-0.00223142
-0.00218059
-0.00213668
-0.0020986
-0.00206549
-0.00203662
-0.00201137
-0.00198923
-0.00196978
-0.00195264
-0.00193752
-0.00192414
-0.00191229
-0.00190177
-0.00189241
-0.00188407
-0.00187664
-0.00187
-0.00186405
-0.00185873
-0.00185396
-0.00184967
-0.00184581
-0.00184233
-0.0018392
-0.00183638
-0.00183383
-0.00183152
-0.00182943
-0.00182753
-0.00182582
-0.00182426
-0.00182284
-0.00182155
-0.00182038
-0.00181931
-0.00181834
-0.00181745
-0.00181663
-0.00181589
-0.00181521
-0.00181459
-0.00181402
-0.0018135
-0.00181302
-0.00181258
-0.00181218
-0.00181181
-0.00181147
-0.00181116
-0.00181087
-0.00181061
-0.00181037
-0.00181014
-0.00180994
-0.00180975
-0.00180957
-0.00180941
-0.00180927
-0.00180913
-0.00180901
-0.00180889
-0.00180879
-0.00180869
-0.00180861
-0.00180853
-0.00180846
-0.00180839
-0.00180833
-0.00180828
-0.00180823
-0.00180819
-0.00180815
-0.00180812
-0.0018081
-0.00180807
-0.00180805
-0.00180804
-0.00180803
-0.00180802
-0.00180802
-0.012394
-0.0101533
-0.00851902
-0.00726335
-0.00629074
-0.00552585
-0.00491663
-0.00442593
-0.00402674
-0.00369911
-0.00342809
-0.00320232
-0.00301303
-0.00285341
-0.0027181
-0.00260284
-0.00250424
-0.00241953
-0.00234649
-0.0022833
-0.00222844
-0.00218069
-0.00213899
-0.0021025
-0.00207049
-0.00204233
-0.00201752
-0.00199561
-0.00197623
-0.00195905
-0.0019438
-0.00193024
-0.00191816
-0.00190739
-0.00189776
-0.00188916
-0.00188145
-0.00187454
-0.00186833
-0.00186276
-0.00185774
-0.00185322
-0.00184914
-0.00184546
-0.00184213
-0.00183912
-0.00183639
-0.00183392
-0.00183168
-0.00182964
-0.00182779
-0.00182611
-0.00182457
-0.00182318
-0.0018219
-0.00182074
-0.00181968
-0.00181871
-0.00181782
-0.00181701
-0.00181626
-0.00181558
-0.00181496
-0.00181438
-0.00181386
-0.00181337
-0.00181293
-0.00181252
-0.00181214
-0.0018118
-0.00181148
-0.00181119
-0.00181092
-0.00181067
-0.00181045
-0.00181024
-0.00181004
-0.00180987
-0.0018097
-0.00180956
-0.00180942
-0.0018093
-0.00180918
-0.00180908
-0.00180898
-0.0018089
-0.00180882
-0.00180875
-0.00180869
-0.00180864
-0.00180859
-0.00180855
-0.00180851
-0.00180848
-0.00180846
-0.00180844
-0.00180842
-0.00180841
-0.00180841
-0.0134651
-0.0110278
-0.00923897
-0.00787562
-0.00682179
-0.00599181
-0.00532841
-0.00479132
-0.00435176
-0.00398862
-0.00368622
-0.00343261
-0.00321858
-0.00303696
-0.00288208
-0.0027494
-0.00263529
-0.00253678
-0.00245146
-0.00237732
-0.00231272
-0.00225628
-0.00220684
-0.00216345
-0.00212528
-0.00209163
-0.00206191
-0.00203561
-0.00201231
-0.00199162
-0.00197322
-0.00195685
-0.00194224
-0.0019292
-0.00191755
-0.00190711
-0.00189776
-0.00188937
-0.00188183
-0.00187504
-0.00186894
-0.00186343
-0.00185847
-0.00185398
-0.00184993
-0.00184626
-0.00184294
-0.00183992
-0.00183719
-0.0018347
-0.00183245
-0.00183039
-0.00182852
-0.00182682
-0.00182526
-0.00182384
-0.00182254
-0.00182136
-0.00182028
-0.00181928
-0.00181837
-0.00181754
-0.00181678
-0.00181608
-0.00181543
-0.00181484
-0.0018143
-0.0018138
-0.00181334
-0.00181292
-0.00181253
-0.00181217
-0.00181185
-0.00181154
-0.00181127
-0.00181101
-0.00181077
-0.00181056
-0.00181036
-0.00181018
-0.00181001
-0.00180986
-0.00180972
-0.0018096
-0.00180948
-0.00180938
-0.00180928
-0.0018092
-0.00180912
-0.00180906
-0.001809
-0.00180895
-0.0018089
-0.00180887
-0.00180884
-0.00180881
-0.0018088
-0.00180878
-0.00180878
-0.0137852
-0.0113692
-0.0095781
-0.00821235
-0.00714831
-0.00630279
-0.00562039
-0.00506253
-0.00460162
-0.00421741
-0.00389473
-0.00362196
-0.00339008
-0.00319197
-0.00302197
-0.00287551
-0.00274889
-0.00263905
-0.0025435
-0.00246016
-0.00238727
-0.00232339
-0.00226728
-0.00221789
-0.00217433
-0.00213586
-0.00210181
-0.00207164
-0.00204485
-0.00202104
-0.00199984
-0.00198095
-0.00196408
-0.00194901
-0.00193552
-0.00192343
-0.0019126
-0.00190286
-0.00189412
-0.00188625
-0.00187915
-0.00187276
-0.00186699
-0.00186177
-0.00185706
-0.00185279
-0.00184892
-0.00184542
-0.00184223
-0.00183934
-0.00183671
-0.00183432
-0.00183214
-0.00183015
-0.00182834
-0.00182669
-0.00182518
-0.00182379
-0.00182253
-0.00182137
-0.00182031
-0.00181934
-0.00181845
-0.00181763
-0.00181688
-0.00181619
-0.00181556
-0.00181498
-0.00181444
-0.00181395
-0.0018135
-0.00181308
-0.0018127
-0.00181235
-0.00181202
-0.00181172
-0.00181145
-0.0018112
-0.00181097
-0.00181075
-0.00181056
-0.00181038
-0.00181022
-0.00181007
-0.00180994
-0.00180982
-0.00180971
-0.00180961
-0.00180952
-0.00180944
-0.00180938
-0.00180932
-0.00180927
-0.00180922
-0.00180919
-0.00180916
-0.00180914
-0.00180913
-0.00180912
-0.0133502
-0.0111656
-0.00953524
-0.00827215
-0.00726843
-0.00645584
-0.00578882
-0.00523525
-0.00477179
-0.00438089
-0.00404916
-0.00376612
-0.00352351
-0.0033147
-0.00313433
-0.00297801
-0.00284213
-0.00272372
-0.00262026
-0.00252966
-0.00245017
-0.00238028
-0.00231871
-0.00226439
-0.00221638
-0.00217389
-0.00213621
-0.00210277
-0.00207304
-0.00204657
-0.00202298
-0.00200193
-0.00198312
-0.0019663
-0.00195123
-0.00193773
-0.0019256
-0.00191471
-0.00190492
-0.0018961
-0.00188815
-0.00188098
-0.0018745
-0.00186865
-0.00186336
-0.00185856
-0.00185422
-0.00185028
-0.0018467
-0.00184345
-0.00184049
-0.0018378
-0.00183535
-0.00183312
-0.00183108
-0.00182922
-0.00182752
-0.00182596
-0.00182454
-0.00182324
-0.00182204
-0.00182095
-0.00181995
-0.00181903
-0.00181818
-0.0018174
-0.00181669
-0.00181603
-0.00181543
-0.00181488
-0.00181437
-0.0018139
-0.00181346
-0.00181307
-0.0018127
-0.00181237
-0.00181206
-0.00181177
-0.00181151
-0.00181127
-0.00181105
-0.00181085
-0.00181067
-0.0018105
-0.00181035
-0.00181022
-0.00181009
-0.00180998
-0.00180988
-0.0018098
-0.00180972
-0.00180965
-0.00180959
-0.00180955
-0.00180951
-0.00180948
-0.00180945
-0.00180944
-0.00180943
-0.0121867
-0.0104921
-0.00916735
-0.00809215
-0.00720442
-0.00646335
-0.00583978
-0.00531171
-0.00486209
-0.00447746
-0.00414707
-0.00386222
-0.00361583
-0.00340209
-0.00321616
-0.00305404
-0.00291236
-0.00278829
-0.00267943
-0.00258374
-0.00249949
-0.00242519
-0.00235958
-0.00230154
-0.00225013
-0.00220454
-0.00216405
-0.00212805
-0.002096
-0.00206744
-0.00204195
-0.00201918
-0.00199881
-0.00198058
-0.00196424
-0.00194958
-0.00193641
-0.00192457
-0.00191392
-0.00190432
-0.00189567
-0.00188786
-0.00188081
-0.00187443
-0.00186866
-0.00186343
-0.00185869
-0.00185439
-0.00185048
-0.00184693
-0.0018437
-0.00184076
-0.00183808
-0.00183564
-0.00183341
-0.00183138
-0.00182952
-0.00182781
-0.00182626
-0.00182483
-0.00182353
-0.00182233
-0.00182123
-0.00182022
-0.0018193
-0.00181845
-0.00181766
-0.00181695
-0.00181628
-0.00181568
-0.00181512
-0.0018146
-0.00181413
-0.00181369
-0.00181329
-0.00181292
-0.00181258
-0.00181227
-0.00181199
-0.00181173
-0.00181148
-0.00181127
-0.00181107
-0.00181088
-0.00181072
-0.00181057
-0.00181043
-0.00181031
-0.0018102
-0.0018101
-0.00181002
-0.00180995
-0.00180988
-0.00180983
-0.00180979
-0.00180975
-0.00180973
-0.00180971
-0.0018097
-0.0106059
-0.00956483
-0.00860629
-0.00775265
-0.00700556
-0.00635584
-0.00579225
-0.00530354
-0.00487945
-0.00451097
-0.0041903
-0.00391078
-0.00366672
-0.00345327
-0.00326629
-0.00310225
-0.00295812
-0.00283131
-0.00271958
-0.00262101
-0.00253394
-0.00245693
-0.00238874
-0.00232828
-0.00227462
-0.00222695
-0.00218453
-0.00214676
-0.00211309
-0.00208304
-0.0020562
-0.00203219
-0.0020107
-0.00199144
-0.00197417
-0.00195866
-0.00194472
-0.00193217
-0.00192088
-0.0019107
-0.00190152
-0.00189323
-0.00188574
-0.00187896
-0.00187282
-0.00186726
-0.00186222
-0.00185764
-0.00185348
-0.0018497
-0.00184626
-0.00184312
-0.00184027
-0.00183766
-0.00183528
-0.00183311
-0.00183113
-0.00182931
-0.00182765
-0.00182613
-0.00182473
-0.00182345
-0.00182228
-0.0018212
-0.00182021
-0.0018193
-0.00181846
-0.00181769
-0.00181699
-0.00181634
-0.00181574
-0.00181519
-0.00181468
-0.00181421
-0.00181378
-0.00181339
-0.00181302
-0.00181269
-0.00181238
-0.0018121
-0.00181185
-0.00181161
-0.0018114
-0.0018112
-0.00181102
-0.00181086
-0.00181072
-0.00181059
-0.00181047
-0.00181037
-0.00181028
-0.0018102
-0.00181013
-0.00181007
-0.00181003
-0.00180999
-0.00180996
-0.00180995
-0.00180994
-0.0092879
-0.0086812
-0.00801102
-0.0073502
-0.00673455
-0.00617582
-0.00567577
-0.00523167
-0.00483889
-0.0044923
-0.00418679
-0.00391761
-0.00368042
-0.00347135
-0.00328697
-0.00312427
-0.00298058
-0.00285359
-0.00274127
-0.00264184
-0.00255373
-0.00247559
-0.00240623
-0.00234461
-0.00228981
-0.00224102
-0.00219756
-0.00215879
-0.00212419
-0.00209327
-0.00206561
-0.00204085
-0.00201867
-0.00199878
-0.00198091
-0.00196486
-0.00195043
-0.00193743
-0.00192572
-0.00191516
-0.00190563
-0.00189702
-0.00188923
-0.00188218
-0.0018758
-0.00187001
-0.00186476
-0.00185999
-0.00185566
-0.00185171
-0.00184813
-0.00184486
-0.00184188
-0.00183916
-0.00183667
-0.0018344
-0.00183233
-0.00183043
-0.00182869
-0.0018271
-0.00182564
-0.0018243
-0.00182307
-0.00182194
-0.00182091
-0.00181995
-0.00181908
-0.00181827
-0.00181753
-0.00181685
-0.00181622
-0.00181564
-0.00181511
-0.00181462
-0.00181417
-0.00181375
-0.00181337
-0.00181302
-0.0018127
-0.0018124
-0.00181213
-0.00181189
-0.00181166
-0.00181145
-0.00181127
-0.0018111
-0.00181095
-0.00181081
-0.00181069
-0.00181058
-0.00181048
-0.0018104
-0.00181033
-0.00181027
-0.00181022
-0.00181018
-0.00181015
-0.00181014
-0.00181013
-0.00833076
-0.0079565
-0.0074703
-0.00694987
-0.00643938
-0.00595906
-0.0055174
-0.00511675
-0.00475632
-0.00443381
-0.00414621
-0.00389031
-0.00366295
-0.00346112
-0.00328204
-0.00312317
-0.00298223
-0.00285717
-0.00274615
-0.00264757
-0.00255998
-0.0024821
-0.00241282
-0.00235114
-0.00229619
-0.00224719
-0.00220347
-0.00216443
-0.00212953
-0.00209831
-0.00207036
-0.00204531
-0.00202285
-0.00200268
-0.00198456
-0.00196827
-0.0019536
-0.00194039
-0.00192848
-0.00191773
-0.00190802
-0.00189924
-0.0018913
-0.00188411
-0.0018776
-0.00187169
-0.00186632
-0.00186144
-0.00185701
-0.00185298
-0.00184931
-0.00184596
-0.0018429
-0.00184012
-0.00183757
-0.00183524
-0.00183312
-0.00183117
-0.00182938
-0.00182775
-0.00182625
-0.00182487
-0.00182361
-0.00182245
-0.00182138
-0.0018204
-0.0018195
-0.00181867
-0.00181791
-0.0018172
-0.00181656
-0.00181596
-0.00181541
-0.00181491
-0.00181444
-0.00181401
-0.00181362
-0.00181326
-0.00181293
-0.00181262
-0.00181234
-0.00181209
-0.00181185
-0.00181164
-0.00181145
-0.00181127
-0.00181112
-0.00181098
-0.00181085
-0.00181074
-0.00181064
-0.00181055
-0.00181048
-0.00181042
-0.00181037
-0.00181033
-0.0018103
-0.00181028
-0.00181027
-0.00767246
-0.0073943
-0.00700854
-0.00657986
-0.00614632
-0.0057283
-0.00533616
-0.0049745
-0.00464464
-0.00434606
-0.0040772
-0.003836
-0.00362019
-0.00342744
-0.00325553
-0.00310234
-0.00296589
-0.00284439
-0.00273622
-0.00263989
-0.0025541
-0.00247766
-0.00240952
-0.00234875
-0.00229452
-0.0022461
-0.00220284
-0.00216415
-0.00212953
-0.00209853
-0.00207075
-0.00204583
-0.00202345
-0.00200335
-0.00198528
-0.00196902
-0.00195437
-0.00194116
-0.00192925
-0.00191849
-0.00190876
-0.00189997
-0.00189201
-0.0018848
-0.00187825
-0.00187232
-0.00186693
-0.00186203
-0.00185757
-0.00185351
-0.00184981
-0.00184644
-0.00184337
-0.00184056
-0.00183799
-0.00183564
-0.00183349
-0.00183153
-0.00182973
-0.00182807
-0.00182656
-0.00182517
-0.00182389
-0.00182272
-0.00182164
-0.00182064
-0.00181973
-0.00181889
-0.00181812
-0.00181741
-0.00181675
-0.00181615
-0.00181559
-0.00181508
-0.0018146
-0.00181417
-0.00181377
-0.0018134
-0.00181307
-0.00181276
-0.00181247
-0.00181221
-0.00181198
-0.00181176
-0.00181157
-0.00181139
-0.00181123
-0.00181108
-0.00181095
-0.00181084
-0.00181074
-0.00181065
-0.00181058
-0.00181052
-0.00181046
-0.00181042
-0.0018104
-0.00181038
-0.00181037
-0.0072099
-0.00695212
-0.00661647
-0.00624509
-0.00586584
-0.00549551
-0.00514371
-0.00481556
-0.00451325
-0.00423722
-0.00398681
-0.00376072
-0.00355729
-0.00337474
-0.00321124
-0.003065
-0.00293434
-0.00281767
-0.00271353
-0.00262058
-0.00253764
-0.0024636
-0.00239749
-0.00233845
-0.00228569
-0.00223852
-0.00219632
-0.00215854
-0.0021247
-0.00209437
-0.00206716
-0.00204274
-0.00202079
-0.00200106
-0.0019833
-0.00196731
-0.0019529
-0.0019399
-0.00192816
-0.00191756
-0.00190797
-0.00189929
-0.00189143
-0.0018843
-0.00187784
-0.00187197
-0.00186663
-0.00186178
-0.00185737
-0.00185335
-0.00184968
-0.00184634
-0.00184328
-0.0018405
-0.00183795
-0.00183561
-0.00183348
-0.00183152
-0.00182973
-0.00182809
-0.00182658
-0.00182519
-0.00182392
-0.00182275
-0.00182168
-0.00182069
-0.00181978
-0.00181894
-0.00181817
-0.00181745
-0.0018168
-0.0018162
-0.00181564
-0.00181513
-0.00181466
-0.00181422
-0.00181382
-0.00181346
-0.00181312
-0.00181281
-0.00181252
-0.00181226
-0.00181203
-0.00181181
-0.00181161
-0.00181144
-0.00181128
-0.00181113
-0.001811
-0.00181089
-0.00181079
-0.0018107
-0.00181063
-0.00181056
-0.00181051
-0.00181047
-0.00181044
-0.00181042
-0.00181041
-0.00684659
-0.00658554
-0.00627542
-0.00594059
-0.00559981
-0.00526574
-0.00494641
-0.00464653
-0.00436853
-0.00411322
-0.00388041
-0.00366926
-0.00347852
-0.00330677
-0.00315247
-0.00301409
-0.00289015
-0.00277924
-0.00268005
-0.00259138
-0.00251211
-0.00244126
-0.00237792
-0.00232127
-0.00227059
-0.00222523
-0.00218461
-0.00214821
-0.00211559
-0.00208631
-0.00206003
-0.00203642
-0.00201519
-0.00199609
-0.00197889
-0.00196339
-0.00194941
-0.00193679
-0.00192539
-0.00191509
-0.00190576
-0.00189732
-0.00188967
-0.00188273
-0.00187643
-0.0018707
-0.0018655
-0.00186077
-0.00185646
-0.00185253
-0.00184895
-0.00184568
-0.00184269
-0.00183996
-0.00183747
-0.00183518
-0.00183309
-0.00183117
-0.00182942
-0.00182781
-0.00182632
-0.00182496
-0.00182371
-0.00182257
-0.00182151
-0.00182054
-0.00181964
-0.00181882
-0.00181806
-0.00181736
-0.00181671
-0.00181612
-0.00181557
-0.00181506
-0.0018146
-0.00181417
-0.00181378
-0.00181342
-0.00181308
-0.00181278
-0.0018125
-0.00181224
-0.00181201
-0.00181179
-0.0018116
-0.00181142
-0.00181126
-0.00181112
-0.00181099
-0.00181088
-0.00181078
-0.00181069
-0.00181062
-0.00181056
-0.00181051
-0.00181047
-0.00181044
-0.00181042
-0.00181041
-0.00652978
-0.00626392
-0.00596927
-0.00565931
-0.00534654
-0.00504037
-0.00474725
-0.00447124
-0.00421458
-0.00397814
-0.00376193
-0.00356532
-0.00338729
-0.00322664
-0.00308203
-0.00295211
-0.00283557
-0.00273112
-0.00263759
-0.00255387
-0.00247895
-0.00241191
-0.00235191
-0.0022982
-0.00225011
-0.00220703
-0.00216842
-0.00213379
-0.00210273
-0.00207484
-0.00204978
-0.00202726
-0.00200699
-0.00198875
-0.00197231
-0.00195748
-0.0019441
-0.00193202
-0.0019211
-0.00191122
-0.00190228
-0.00189418
-0.00188683
-0.00188016
-0.00187411
-0.0018686
-0.0018636
-0.00185904
-0.00185489
-0.00185111
-0.00184766
-0.0018445
-0.00184162
-0.00183899
-0.00183658
-0.00183437
-0.00183235
-0.0018305
-0.0018288
-0.00182724
-0.00182581
-0.00182449
-0.00182328
-0.00182217
-0.00182114
-0.0018202
-0.00181933
-0.00181853
-0.00181779
-0.00181711
-0.00181649
-0.00181591
-0.00181538
-0.00181489
-0.00181444
-0.00181402
-0.00181364
-0.00181328
-0.00181296
-0.00181266
-0.00181239
-0.00181214
-0.00181191
-0.0018117
-0.00181152
-0.00181134
-0.00181119
-0.00181105
-0.00181093
-0.00181082
-0.00181072
-0.00181063
-0.00181056
-0.0018105
-0.00181045
-0.00181041
-0.00181039
-0.00181037
-0.00181036
-0.00623538
-0.00597006
-0.00568703
-0.00539507
-0.0051033
-0.00481898
-0.00454733
-0.00429169
-0.00405391
-0.00383476
-0.0036342
-0.00345167
-0.00328625
-0.00313684
-0.00300224
-0.00288121
-0.00277255
-0.00267509
-0.00258775
-0.00250951
-0.00243945
-0.0023767
-0.00232051
-0.00227018
-0.00222508
-0.00218466
-0.0021484
-0.00211588
-0.00208667
-0.00206044
-0.00203685
-0.00201564
-0.00199655
-0.00197934
-0.00196383
-0.00194984
-0.00193721
-0.00192579
-0.00191547
-0.00190613
-0.00189766
-0.00188999
-0.00188303
-0.00187672
-0.00187097
-0.00186576
-0.00186101
-0.00185668
-0.00185274
-0.00184914
-0.00184586
-0.00184286
-0.00184012
-0.00183761
-0.00183532
-0.00183322
-0.00183129
-0.00182953
-0.00182791
-0.00182642
-0.00182505
-0.00182379
-0.00182264
-0.00182157
-0.00182059
-0.00181969
-0.00181886
-0.00181809
-0.00181739
-0.00181674
-0.00181614
-0.00181559
-0.00181508
-0.00181461
-0.00181417
-0.00181377
-0.00181341
-0.00181307
-0.00181276
-0.00181247
-0.00181221
-0.00181197
-0.00181175
-0.00181155
-0.00181137
-0.0018112
-0.00181105
-0.00181092
-0.0018108
-0.0018107
-0.0018106
-0.00181052
-0.00181045
-0.00181039
-0.00181035
-0.00181031
-0.00181028
-0.00181026
-0.00181026
-0.00595823
-0.00569607
-0.00542174
-0.00514292
-0.00486714
-0.00460033
-0.00434665
-0.00410875
-0.003888
-0.00368489
-0.00349923
-0.00333039
-0.00317746
-0.00303938
-0.002915
-0.00280316
-0.00270274
-0.00261266
-0.00253192
-0.00245957
-0.00239475
-0.00233669
-0.00228467
-0.00223806
-0.00219628
-0.00215881
-0.00212519
-0.00209502
-0.00206791
-0.00204355
-0.00202164
-0.00200193
-0.00198417
-0.00196817
-0.00195373
-0.00194071
-0.00192894
-0.0019183
-0.00190867
-0.00189996
-0.00189206
-0.0018849
-0.00187839
-0.00187249
-0.00186712
-0.00186224
-0.0018578
-0.00185375
-0.00185005
-0.00184669
-0.00184361
-0.0018408
-0.00183823
-0.00183588
-0.00183372
-0.00183175
-0.00182994
-0.00182828
-0.00182675
-0.00182535
-0.00182407
-0.00182288
-0.0018218
-0.00182079
-0.00181987
-0.00181902
-0.00181824
-0.00181752
-0.00181685
-0.00181624
-0.00181567
-0.00181515
-0.00181467
-0.00181422
-0.00181381
-0.00181344
-0.00181309
-0.00181277
-0.00181248
-0.00181221
-0.00181196
-0.00181173
-0.00181152
-0.00181133
-0.00181116
-0.00181101
-0.00181087
-0.00181074
-0.00181063
-0.00181053
-0.00181044
-0.00181036
-0.0018103
-0.00181024
-0.0018102
-0.00181016
-0.00181013
-0.00181012
-0.00181011
-0.00569847
-0.00543747
-0.00516827
-0.00489862
-0.00463517
-0.00438277
-0.00414463
-0.00392265
-0.00371764
-0.00352972
-0.00335844
-0.00320304
-0.00306253
-0.00293584
-0.00282185
-0.00271944
-0.00262753
-0.00254513
-0.00247129
-0.00240514
-0.00234588
-0.00229279
-0.00224523
-0.0022026
-0.00216439
-0.00213011
-0.00209935
-0.00207173
-0.00204691
-0.0020246
-0.00200453
-0.00198646
-0.00197018
-0.0019555
-0.00194226
-0.0019303
-0.00191949
-0.00190972
-0.00190087
-0.00189286
-0.0018856
-0.00187901
-0.00187303
-0.00186759
-0.00186264
-0.00185815
-0.00185405
-0.00185031
-0.00184691
-0.0018438
-0.00184096
-0.00183836
-0.00183599
-0.00183381
-0.00183182
-0.00183
-0.00182832
-0.00182678
-0.00182537
-0.00182408
-0.00182288
-0.00182179
-0.00182078
-0.00181985
-0.00181899
-0.0018182
-0.00181748
-0.00181681
-0.00181619
-0.00181562
-0.00181509
-0.00181461
-0.00181416
-0.00181375
-0.00181337
-0.00181301
-0.00181269
-0.00181239
-0.00181212
-0.00181187
-0.00181164
-0.00181143
-0.00181123
-0.00181106
-0.0018109
-0.00181075
-0.00181062
-0.0018105
-0.0018104
-0.0018103
-0.00181022
-0.00181015
-0.00181009
-0.00181004
-0.00180999
-0.00180996
-0.00180994
-0.00180992
-0.00180991
-0.00545415
-0.00518967
-0.00492177
-0.00465814
-0.00440446
-0.00416448
-0.00394039
-0.00373323
-0.00354323
-0.00337002
-0.00321286
-0.00307079
-0.00294271
-0.00282751
-0.00272406
-0.00263126
-0.00254809
-0.0024736
-0.00240689
-0.00234717
-0.0022937
-0.00224581
-0.00220292
-0.00216448
-0.00213002
-0.00209912
-0.00207138
-0.00204647
-0.00202409
-0.00200396
-0.00198585
-0.00196955
-0.00195485
-0.0019416
-0.00192964
-0.00191883
-0.00190907
-0.00190023
-0.00189223
-0.00188499
-0.00187841
-0.00187245
-0.00186703
-0.00186211
-0.00185763
-0.00185355
-0.00184984
-0.00184645
-0.00184336
-0.00184054
-0.00183796
-0.0018356
-0.00183344
-0.00183147
-0.00182966
-0.00182799
-0.00182647
-0.00182507
-0.00182379
-0.00182261
-0.00182152
-0.00182052
-0.0018196
-0.00181876
-0.00181798
-0.00181726
-0.00181659
-0.00181598
-0.00181542
-0.0018149
-0.00181442
-0.00181397
-0.00181356
-0.00181319
-0.00181284
-0.00181252
-0.00181222
-0.00181195
-0.0018117
-0.00181147
-0.00181126
-0.00181106
-0.00181089
-0.00181072
-0.00181058
-0.00181044
-0.00181032
-0.00181022
-0.00181012
-0.00181003
-0.00180996
-0.00180989
-0.00180984
-0.00180979
-0.00180975
-0.00180972
-0.0018097
-0.00180968
-0.00180968
-0.00522029
-0.00494712
-0.00467727
-0.00441752
-0.00417218
-0.00394361
-0.0037329
-0.00354016
-0.00336491
-0.00320629
-0.00306323
-0.00293453
-0.00281899
-0.00271541
-0.00262265
-0.00253963
-0.00246538
-0.00239897
-0.00233958
-0.00228647
-0.00223895
-0.00219643
-0.00215837
-0.00212427
-0.00209371
-0.00206631
-0.00204173
-0.00201965
-0.00199981
-0.00198198
-0.00196592
-0.00195147
-0.00193844
-0.00192669
-0.00191608
-0.0019065
-0.00189784
-0.00189
-0.0018829
-0.00187646
-0.00187063
-0.00186533
-0.00186052
-0.00185614
-0.00185216
-0.00184853
-0.00184523
-0.00184222
-0.00183947
-0.00183695
-0.00183466
-0.00183256
-0.00183063
-0.00182887
-0.00182726
-0.00182578
-0.00182442
-0.00182317
-0.00182203
-0.00182097
-0.00182
-0.00181911
-0.00181829
-0.00181753
-0.00181683
-0.00181619
-0.0018156
-0.00181505
-0.00181454
-0.00181408
-0.00181365
-0.00181325
-0.00181288
-0.00181255
-0.00181223
-0.00181195
-0.00181168
-0.00181144
-0.00181121
-0.00181101
-0.00181082
-0.00181064
-0.00181049
-0.00181034
-0.00181021
-0.00181009
-0.00180998
-0.00180988
-0.0018098
-0.00180972
-0.00180965
-0.00180959
-0.00180954
-0.0018095
-0.00180947
-0.00180944
-0.00180942
-0.0018094
-0.0018094
-0.0049891
-0.00470334
-0.00442966
-0.00417295
-0.0039356
-0.00371842
-0.00352117
-0.003343
-0.00318269
-0.00303886
-0.00291009
-0.00279496
-0.00269212
-0.00260033
-0.00251843
-0.00244537
-0.00238018
-0.002322
-0.00227007
-0.0022237
-0.00218228
-0.00214524
-0.00211212
-0.00208247
-0.00205592
-0.00203212
-0.00201078
-0.00199162
-0.00197441
-0.00195894
-0.00194501
-0.00193248
-0.00192118
-0.00191099
-0.00190179
-0.00189348
-0.00188596
-0.00187916
-0.001873
-0.00186742
-0.00186235
-0.00185775
-0.00185357
-0.00184977
-0.00184632
-0.00184317
-0.0018403
-0.00183768
-0.00183529
-0.0018331
-0.0018311
-0.00182928
-0.00182761
-0.00182607
-0.00182467
-0.00182338
-0.0018222
-0.00182111
-0.00182011
-0.00181919
-0.00181835
-0.00181757
-0.00181685
-0.00181619
-0.00181558
-0.00181502
-0.0018145
-0.00181403
-0.00181359
-0.00181318
-0.0018128
-0.00181246
-0.00181214
-0.00181184
-0.00181157
-0.00181132
-0.00181108
-0.00181087
-0.00181067
-0.00181049
-0.00181033
-0.00181018
-0.00181004
-0.00180991
-0.0018098
-0.00180969
-0.0018096
-0.00180951
-0.00180943
-0.00180937
-0.00180931
-0.00180926
-0.00180921
-0.00180918
-0.00180914
-0.00180912
-0.0018091
-0.00180909
-0.00180908
-0.00475163
-0.00445167
-0.00417402
-0.00392083
-0.00369224
-0.00348726
-0.00330424
-0.00314131
-0.0029965
-0.00286792
-0.00275381
-0.00265255
-0.00256269
-0.00248291
-0.00241205
-0.00234909
-0.0022931
-0.00224329
-0.00219893
-0.00215941
-0.00212417
-0.00209271
-0.00206461
-0.0020395
-0.00201702
-0.0019969
-0.00197886
-0.00196268
-0.00194815
-0.00193509
-0.00192335
-0.00191278
-0.00190326
-0.00189467
-0.00188691
-0.00187991
-0.00187358
-0.00186785
-0.00186266
-0.00185796
-0.00185369
-0.00184981
-0.00184629
-0.00184309
-0.00184017
-0.00183752
-0.0018351
-0.00183289
-0.00183087
-0.00182903
-0.00182735
-0.00182581
-0.00182439
-0.0018231
-0.00182192
-0.00182083
-0.00181983
-0.00181891
-0.00181807
-0.00181729
-0.00181658
-0.00181592
-0.00181531
-0.00181476
-0.00181424
-0.00181377
-0.00181333
-0.00181293
-0.00181255
-0.00181221
-0.00181189
-0.0018116
-0.00181133
-0.00181108
-0.00181084
-0.00181063
-0.00181044
-0.00181025
-0.00181009
-0.00180994
-0.00180979
-0.00180967
-0.00180955
-0.00180944
-0.00180934
-0.00180925
-0.00180917
-0.0018091
-0.00180904
-0.00180898
-0.00180893
-0.00180889
-0.00180885
-0.00180882
-0.00180879
-0.00180877
-0.00180876
-0.00180875
-0.00180874
-0.00449884
-0.00418587
-0.0039058
-0.0036579
-0.00343983
-0.00324862
-0.0030812
-0.0029346
-0.00280617
-0.00269353
-0.00259462
-0.00250766
-0.00243108
-0.00236357
-0.00230396
-0.00225126
-0.00220462
-0.00216328
-0.0021266
-0.002094
-0.00206502
-0.00203921
-0.0020162
-0.00199566
-0.00197732
-0.00196092
-0.00194623
-0.00193307
-0.00192126
-0.00191066
-0.00190114
-0.00189256
-0.00188484
-0.00187789
-0.00187161
-0.00186594
-0.00186081
-0.00185618
-0.00185198
-0.00184817
-0.00184472
-0.00184159
-0.00183874
-0.00183615
-0.0018338
-0.00183165
-0.00182969
-0.00182791
-0.00182628
-0.00182479
-0.00182343
-0.00182218
-0.00182104
-0.00181999
-0.00181903
-0.00181815
-0.00181735
-0.0018166
-0.00181592
-0.00181529
-0.00181472
-0.00181418
-0.00181369
-0.00181324
-0.00181283
-0.00181244
-0.00181209
-0.00181176
-0.00181146
-0.00181118
-0.00181092
-0.00181068
-0.00181046
-0.00181026
-0.00181007
-0.0018099
-0.00180974
-0.0018096
-0.00180946
-0.00180934
-0.00180922
-0.00180912
-0.00180902
-0.00180894
-0.00180886
-0.00180879
-0.00180872
-0.00180866
-0.00180861
-0.00180856
-0.00180852
-0.00180849
-0.00180846
-0.00180843
-0.00180841
-0.00180839
-0.00180838
-0.00180837
-0.00180837
-0.00422389
-0.00390062
-0.00362089
-0.00338113
-0.00317623
-0.00300109
-0.00285112
-0.00272234
-0.00261143
-0.00251562
-0.00243258
-0.00236041
-0.00229752
-0.00224257
-0.00219444
-0.0021522
-0.00211504
-0.00208228
-0.00205336
-0.00202778
-0.00200512
-0.001985
-0.00196713
-0.00195122
-0.00193705
-0.0019244
-0.0019131
-0.00190299
-0.00189393
-0.00188581
-0.00187852
-0.00187197
-0.00186608
-0.00186077
-0.00185598
-0.00185167
-0.00184777
-0.00184424
-0.00184105
-0.00183816
-0.00183553
-0.00183316
-0.00183099
-0.00182903
-0.00182724
-0.00182561
-0.00182413
-0.00182278
-0.00182154
-0.00182041
-0.00181938
-0.00181844
-0.00181757
-0.00181678
-0.00181605
-0.00181539
-0.00181477
-0.00181421
-0.00181369
-0.00181322
-0.00181278
-0.00181238
-0.00181201
-0.00181167
-0.00181135
-0.00181106
-0.00181079
-0.00181054
-0.00181031
-0.0018101
-0.00180991
-0.00180973
-0.00180956
-0.00180941
-0.00180927
-0.00180914
-0.00180902
-0.00180891
-0.0018088
-0.00180871
-0.00180862
-0.00180854
-0.00180847
-0.00180841
-0.00180835
-0.00180829
-0.00180824
-0.0018082
-0.00180816
-0.00180812
-0.00180809
-0.00180806
-0.00180804
-0.00180802
-0.00180801
-0.00180799
-0.00180798
-0.00180798
-0.00180797
-0.00392347
-0.00359096
-0.00331511
-0.00308747
-0.00289932
-0.00274321
-0.00261301
-0.00250385
-0.00241185
-0.00233389
-0.00226753
-0.00221077
-0.00216202
-0.00211998
-0.0020836
-0.00205201
-0.0020245
-0.00200046
-0.0019794
-0.0019609
-0.00194463
-0.00193027
-0.00191758
-0.00190634
-0.00189636
-0.00188749
-0.0018796
-0.00187256
-0.00186628
-0.00186066
-0.00185563
-0.00185111
-0.00184706
-0.00184342
-0.00184014
-0.00183719
-0.00183452
-0.00183212
-0.00182994
-0.00182797
-0.00182619
-0.00182457
-0.00182311
-0.00182177
-0.00182056
-0.00181946
-0.00181845
-0.00181754
-0.0018167
-0.00181594
-0.00181524
-0.00181461
-0.00181402
-0.00181349
-0.001813
-0.00181255
-0.00181214
-0.00181176
-0.00181141
-0.00181109
-0.00181079
-0.00181052
-0.00181027
-0.00181004
-0.00180983
-0.00180964
-0.00180946
-0.00180929
-0.00180914
-0.00180899
-0.00180886
-0.00180874
-0.00180863
-0.00180853
-0.00180843
-0.00180834
-0.00180826
-0.00180819
-0.00180812
-0.00180806
-0.001808
-0.00180795
-0.0018079
-0.00180785
-0.00180781
-0.00180778
-0.00180774
-0.00180771
-0.00180769
-0.00180766
-0.00180764
-0.00180762
-0.00180761
-0.0018076
-0.00180758
-0.00180758
-0.00180757
-0.00180757
-0.00180756
-0.0035879
-0.00324854
-0.00298261
-0.00277286
-0.00260622
-0.00247285
-0.00236528
-0.00227792
-0.00220646
-0.00214763
-0.0020989
-0.00205828
-0.00202424
-0.00199555
-0.00197126
-0.00195058
-0.00193292
-0.00191776
-0.00190469
-0.00189339
-0.00188358
-0.00187504
-0.00186759
-0.00186106
-0.00185532
-0.00185027
-0.00184582
-0.00184188
-0.00183838
-0.00183528
-0.00183252
-0.00183006
-0.00182786
-0.0018259
-0.00182414
-0.00182256
-0.00182114
-0.00181986
-0.00181871
-0.00181767
-0.00181673
-0.00181589
-0.00181512
-0.00181442
-0.00181379
-0.00181322
-0.0018127
-0.00181223
-0.0018118
-0.0018114
-0.00181105
-0.00181072
-0.00181042
-0.00181014
-0.00180989
-0.00180966
-0.00180945
-0.00180926
-0.00180908
-0.00180892
-0.00180877
-0.00180863
-0.00180851
-0.00180839
-0.00180828
-0.00180818
-0.00180809
-0.00180801
-0.00180793
-0.00180786
-0.00180779
-0.00180773
-0.00180768
-0.00180763
-0.00180758
-0.00180753
-0.00180749
-0.00180746
-0.00180742
-0.00180739
-0.00180736
-0.00180733
-0.00180731
-0.00180729
-0.00180727
-0.00180725
-0.00180723
-0.00180722
-0.0018072
-0.00180719
-0.00180718
-0.00180717
-0.00180716
-0.00180716
-0.00180715
-0.00180715
-0.00180714
-0.00180714
-0.00180714
-0.00318883
-0.0028583
-0.00261419
-0.00243106
-0.00229243
-0.00218664
-0.00210538
-0.00204254
-0.00199371
-0.00195559
-0.00192571
-0.00190218
-0.00188356
-0.00186879
-0.00185702
-0.00184761
-0.00184007
-0.00183401
-0.00182911
-0.00182514
-0.00182192
-0.00181929
-0.00181715
-0.00181539
-0.00181395
-0.00181276
-0.00181178
-0.00181096
-0.00181029
-0.00180972
-0.00180925
-0.00180886
-0.00180853
-0.00180826
-0.00180802
-0.00180783
-0.00180766
-0.00180752
-0.0018074
-0.0018073
-0.00180721
-0.00180714
-0.00180708
-0.00180702
-0.00180698
-0.00180694
-0.00180691
-0.00180688
-0.00180685
-0.00180683
-0.00180681
-0.0018068
-0.00180679
-0.00180677
-0.00180676
-0.00180676
-0.00180675
-0.00180674
-0.00180674
-0.00180673
-0.00180673
-0.00180673
-0.00180672
-0.00180672
-0.00180672
-0.00180672
-0.00180672
-0.00180672
-0.00180672
-0.00180672
-0.00180672
-0.00180672
-0.00180671
-0.00180671
-0.00180671
-0.00180671
-0.00180671
-0.00180671
-0.00180671
-0.00180671
-0.00180671
-0.00180671
-0.00180671
-0.00180671
-0.00180671
-0.00180672
-0.00180671
-0.00180672
-0.00180671
-0.00180671
-0.00180671
-0.00180671
-0.00180671
-0.00180671
-0.00180671
-0.00180671
-0.00180671
-0.00180671
-0.00180671
-0.00270223
-0.00240615
-0.00220135
-0.00205661
-0.00195427
-0.00188207
-0.00183145
-0.0017964
-0.00177266
-0.00175713
-0.00174749
-0.00174211
-0.00173977
-0.00173957
-0.00174085
-0.00174312
-0.00174602
-0.00174929
-0.00175276
-0.00175628
-0.00175977
-0.00176315
-0.0017664
-0.00176947
-0.00177237
-0.00177508
-0.0017776
-0.00177994
-0.0017821
-0.0017841
-0.00178593
-0.00178762
-0.00178917
-0.00179059
-0.00179189
-0.00179308
-0.00179417
-0.00179517
-0.00179608
-0.00179692
-0.00179769
-0.00179839
-0.00179903
-0.00179962
-0.00180016
-0.00180066
-0.00180111
-0.00180153
-0.00180191
-0.00180226
-0.00180258
-0.00180288
-0.00180315
-0.0018034
-0.00180364
-0.00180385
-0.00180404
-0.00180423
-0.00180439
-0.00180455
-0.00180469
-0.00180482
-0.00180494
-0.00180505
-0.00180516
-0.00180525
-0.00180534
-0.00180543
-0.0018055
-0.00180557
-0.00180564
-0.0018057
-0.00180575
-0.0018058
-0.00180585
-0.0018059
-0.00180594
-0.00180597
-0.00180601
-0.00180604
-0.00180607
-0.0018061
-0.00180612
-0.00180614
-0.00180616
-0.00180618
-0.0018062
-0.00180621
-0.00180623
-0.00180624
-0.00180625
-0.00180626
-0.00180626
-0.00180627
-0.00180628
-0.00180628
-0.00180628
-0.00180628
-0.00180629
-0.00210993
-0.00188323
-0.00173905
-0.00164659
-0.00159
-0.001558
-0.00154282
-0.0015391
-0.00154309
-0.00155212
-0.00156427
-0.00157822
-0.00159304
-0.0016081
-0.00162295
-0.00163731
-0.00165097
-0.00166385
-0.00167587
-0.00168703
-0.00169734
-0.00170683
-0.00171554
-0.0017235
-0.00173078
-0.00173742
-0.00174347
-0.00174898
-0.00175399
-0.00175854
-0.00176269
-0.00176646
-0.00176989
-0.001773
-0.00177584
-0.00177841
-0.00178076
-0.00178289
-0.00178484
-0.00178661
-0.00178823
-0.0017897
-0.00179105
-0.00179227
-0.0017934
-0.00179442
-0.00179536
-0.00179622
-0.00179701
-0.00179773
-0.00179839
-0.001799
-0.00179956
-0.00180007
-0.00180054
-0.00180097
-0.00180137
-0.00180173
-0.00180207
-0.00180238
-0.00180267
-0.00180294
-0.00180318
-0.00180341
-0.00180361
-0.00180381
-0.00180398
-0.00180415
-0.0018043
-0.00180444
-0.00180457
-0.00180469
-0.0018048
-0.0018049
-0.001805
-0.00180509
-0.00180517
-0.00180524
-0.00180531
-0.00180537
-0.00180543
-0.00180548
-0.00180553
-0.00180558
-0.00180562
-0.00180565
-0.00180569
-0.00180572
-0.00180574
-0.00180577
-0.00180579
-0.00180581
-0.00180582
-0.00180583
-0.00180584
-0.00180585
-0.00180586
-0.00180586
-0.00180586
-0.00139326
-0.00128434
-0.00122525
-0.00120027
-0.00119933
-0.00121438
-0.00123963
-0.0012709
-0.00130533
-0.00134096
-0.00137645
-0.00141093
-0.00144382
-0.00147481
-0.00150377
-0.00153061
-0.00155534
-0.00157803
-0.0015988
-0.00161773
-0.00163496
-0.00165062
-0.00166484
-0.00167774
-0.00168942
-0.0017
-0.00170959
-0.00171826
-0.00172612
-0.00173324
-0.00173969
-0.00174553
-0.00175083
-0.00175563
-0.00175998
-0.00176394
-0.00176753
-0.00177079
-0.00177376
-0.00177646
-0.00177891
-0.00178115
-0.00178319
-0.00178505
-0.00178675
-0.0017883
-0.00178971
-0.00179101
-0.0017922
-0.00179328
-0.00179428
-0.00179519
-0.00179603
-0.00179679
-0.0017975
-0.00179815
-0.00179874
-0.00179929
-0.0017998
-0.00180026
-0.00180069
-0.00180109
-0.00180145
-0.00180179
-0.0018021
-0.00180239
-0.00180266
-0.0018029
-0.00180313
-0.00180334
-0.00180353
-0.00180371
-0.00180387
-0.00180403
-0.00180417
-0.0018043
-0.00180442
-0.00180453
-0.00180463
-0.00180472
-0.00180481
-0.00180489
-0.00180496
-0.00180503
-0.00180509
-0.00180514
-0.00180519
-0.00180523
-0.00180527
-0.00180531
-0.00180534
-0.00180537
-0.00180539
-0.00180541
-0.00180542
-0.00180544
-0.00180545
-0.00180545
-0.00180545
-0.000529881
-0.000605993
-0.000660528
-0.000719071
-0.000783794
-0.000852659
-0.000923117
-0.000992889
-0.00106039
-0.0011246
-0.0011849
-0.001241
-0.0012928
-0.0013404
-0.00138394
-0.00142361
-0.00145967
-0.00149238
-0.00152201
-0.00154881
-0.00157304
-0.00159491
-0.00161466
-0.00163249
-0.00164858
-0.0016631
-0.0016762
-0.00168804
-0.00169872
-0.00170838
-0.00171711
-0.001725
-0.00173214
-0.00173861
-0.00174447
-0.00174978
-0.00175459
-0.00175896
-0.00176293
-0.00176654
-0.00176982
-0.00177281
-0.00177553
-0.00177801
-0.00178027
-0.00178234
-0.00178422
-0.00178594
-0.00178752
-0.00178896
-0.00179028
-0.00179149
-0.0017926
-0.00179362
-0.00179455
-0.00179541
-0.0017962
-0.00179693
-0.0017976
-0.00179821
-0.00179878
-0.00179931
-0.00179979
-0.00180023
-0.00180064
-0.00180102
-0.00180137
-0.0018017
-0.001802
-0.00180227
-0.00180253
-0.00180276
-0.00180298
-0.00180318
-0.00180337
-0.00180354
-0.0018037
-0.00180384
-0.00180398
-0.0018041
-0.00180421
-0.00180432
-0.00180441
-0.0018045
-0.00180458
-0.00180465
-0.00180471
-0.00180477
-0.00180482
-0.00180487
-0.00180491
-0.00180495
-0.00180498
-0.001805
-0.00180502
-0.00180504
-0.00180505
-0.00180506
-0.00180506
0.000498625
0.000154107
-4.72441e-05
-0.000206255
-0.000346548
-0.000475588
-0.000595594
-0.000707041
-0.000809972
-0.000904516
-0.00099094
-0.00106965
-0.0011411
-0.00120583
-0.00126431
-0.0013171
-0.00136469
-0.00140755
-0.00144613
-0.00148084
-0.00151207
-0.00154016
-0.00156542
-0.00158816
-0.00160862
-0.00162703
-0.00164362
-0.00165857
-0.00167204
-0.00168419
-0.00169516
-0.00170507
-0.00171402
-0.00172211
-0.00172944
-0.00173607
-0.00174208
-0.00174754
-0.00175248
-0.00175698
-0.00176106
-0.00176477
-0.00176816
-0.00177123
-0.00177404
-0.0017766
-0.00177894
-0.00178108
-0.00178303
-0.00178481
-0.00178645
-0.00178795
-0.00178932
-0.00179058
-0.00179174
-0.0017928
-0.00179377
-0.00179467
-0.0017955
-0.00179626
-0.00179696
-0.0017976
-0.0017982
-0.00179875
-0.00179925
-0.00179972
-0.00180015
-0.00180055
-0.00180092
-0.00180126
-0.00180157
-0.00180186
-0.00180213
-0.00180238
-0.00180261
-0.00180282
-0.00180301
-0.00180319
-0.00180336
-0.00180351
-0.00180365
-0.00180378
-0.00180389
-0.001804
-0.0018041
-0.00180418
-0.00180426
-0.00180434
-0.0018044
-0.00180446
-0.00180451
-0.00180455
-0.00180459
-0.00180462
-0.00180464
-0.00180466
-0.00180468
-0.00180469
-0.00180469
0.00170686
0.00100102
0.000613266
0.00033444
0.0001081
-8.71774e-05
-0.000260584
-0.000416321
-0.000556594
-0.000682879
-0.000796465
-0.000898539
-0.000990175
-0.00107238
-0.00114608
-0.00121214
-0.00127134
-0.00132438
-0.00137191
-0.0014145
-0.00145268
-0.00148692
-0.00151764
-0.0015452
-0.00156995
-0.00159219
-0.00161218
-0.00163017
-0.00164636
-0.00166094
-0.00167408
-0.00168594
-0.00169665
-0.00170632
-0.00171506
-0.00172297
-0.00173014
-0.00173663
-0.00174252
-0.00174786
-0.00175272
-0.00175713
-0.00176114
-0.0017648
-0.00176813
-0.00177116
-0.00177393
-0.00177646
-0.00177878
-0.00178089
-0.00178283
-0.0017846
-0.00178622
-0.00178771
-0.00178908
-0.00179033
-0.00179148
-0.00179254
-0.00179352
-0.00179442
-0.00179524
-0.001796
-0.00179671
-0.00179735
-0.00179795
-0.0017985
-0.00179901
-0.00179948
-0.00179991
-0.00180031
-0.00180068
-0.00180102
-0.00180134
-0.00180163
-0.0018019
-0.00180215
-0.00180238
-0.00180259
-0.00180278
-0.00180296
-0.00180312
-0.00180327
-0.00180341
-0.00180354
-0.00180365
-0.00180375
-0.00180385
-0.00180393
-0.00180401
-0.00180407
-0.00180413
-0.00180418
-0.00180423
-0.00180426
-0.00180429
-0.00180432
-0.00180433
-0.00180435
-0.00180435
0.00309243
0.00193891
0.0013201
0.000899101
0.000575117
0.000307447
7.7284e-05
-0.000124725
-0.000303628
-0.000462554
-0.000603941
-0.0007298
-0.000841874
-0.000941714
-0.00103069
-0.00111001
-0.00118075
-0.00124388
-0.00130024
-0.00135059
-0.00139559
-0.00143585
-0.00147187
-0.00150413
-0.00153305
-0.00155899
-0.00158227
-0.00160319
-0.00162199
-0.0016389
-0.00165414
-0.00166786
-0.00168024
-0.00169142
-0.00170152
-0.00171065
-0.00171891
-0.00172639
-0.00173317
-0.00173932
-0.0017449
-0.00174997
-0.00175459
-0.00175878
-0.00176261
-0.00176609
-0.00176927
-0.00177217
-0.00177482
-0.00177724
-0.00177946
-0.00178149
-0.00178334
-0.00178505
-0.00178661
-0.00178805
-0.00178936
-0.00179058
-0.00179169
-0.00179271
-0.00179366
-0.00179453
-0.00179533
-0.00179607
-0.00179675
-0.00179738
-0.00179796
-0.00179849
-0.00179899
-0.00179944
-0.00179986
-0.00180025
-0.00180061
-0.00180094
-0.00180125
-0.00180153
-0.00180179
-0.00180203
-0.00180225
-0.00180246
-0.00180264
-0.00180282
-0.00180297
-0.00180311
-0.00180324
-0.00180336
-0.00180347
-0.00180356
-0.00180365
-0.00180373
-0.00180379
-0.00180385
-0.0018039
-0.00180394
-0.00180398
-0.001804
-0.00180402
-0.00180403
-0.00180404
0.00462722
0.00296057
0.0020683
0.00148221
0.00104858
0.000702447
0.000412578
0.000162891
-5.5248e-05
-0.000247103
-0.000416424
-0.000566064
-0.000698494
-0.000815814
-0.000919846
-0.0010122
-0.00109425
-0.00116723
-0.00123218
-0.00129004
-0.00134163
-0.00138767
-0.00142879
-0.00146555
-0.00149845
-0.00152791
-0.00155431
-0.00157801
-0.00159928
-0.0016184
-0.0016356
-0.00165109
-0.00166505
-0.00167763
-0.001689
-0.00169926
-0.00170855
-0.00171695
-0.00172456
-0.00173146
-0.00173772
-0.00174341
-0.00174857
-0.00175328
-0.00175755
-0.00176145
-0.00176501
-0.00176825
-0.00177121
-0.00177392
-0.00177639
-0.00177866
-0.00178073
-0.00178263
-0.00178438
-0.00178598
-0.00178745
-0.00178879
-0.00179004
-0.00179118
-0.00179223
-0.0017932
-0.00179409
-0.00179491
-0.00179567
-0.00179637
-0.00179701
-0.00179761
-0.00179816
-0.00179866
-0.00179913
-0.00179956
-0.00179996
-0.00180033
-0.00180067
-0.00180099
-0.00180127
-0.00180154
-0.00180179
-0.00180201
-0.00180222
-0.00180241
-0.00180258
-0.00180274
-0.00180288
-0.00180301
-0.00180313
-0.00180324
-0.00180333
-0.00180342
-0.00180349
-0.00180356
-0.00180361
-0.00180366
-0.00180369
-0.00180372
-0.00180375
-0.00180376
-0.00180377
0.00625896
0.00404165
0.00284416
0.00207415
0.00152059
0.00109077
0.000738889
0.000440855
0.000183567
-4.08292e-05
-0.000237543
-0.000410426
-0.000562693
-0.000696979
-0.00081559
-0.000920499
-0.00101341
-0.00109578
-0.00116891
-0.0012339
-0.00129171
-0.00134321
-0.00138913
-0.00143011
-0.00146672
-0.00149946
-0.00152878
-0.00155505
-0.00157862
-0.00159977
-0.00161878
-0.00163589
-0.00165129
-0.00166518
-0.0016777
-0.001689
-0.00169922
-0.00170847
-0.00171683
-0.00172442
-0.00173129
-0.00173753
-0.0017432
-0.00174836
-0.00175305
-0.00175732
-0.00176121
-0.00176477
-0.00176801
-0.00177097
-0.00177368
-0.00177615
-0.00177842
-0.0017805
-0.0017824
-0.00178415
-0.00178575
-0.00178723
-0.00178858
-0.00178983
-0.00179097
-0.00179203
-0.001793
-0.0017939
-0.00179472
-0.00179548
-0.00179619
-0.00179683
-0.00179743
-0.00179798
-0.00179849
-0.00179896
-0.0017994
-0.0017998
-0.00180017
-0.00180051
-0.00180083
-0.00180112
-0.00180138
-0.00180163
-0.00180185
-0.00180206
-0.00180225
-0.00180242
-0.00180257
-0.00180272
-0.00180284
-0.00180296
-0.00180306
-0.00180315
-0.00180323
-0.0018033
-0.00180336
-0.00180341
-0.00180346
-0.00180349
-0.00180351
-0.00180353
-0.00180353
0.00790083
0.0051359
0.00362221
0.00265912
0.00197984
0.00146345
0.00104866
0.000702648
0.000407193
0.000151448
-7.14405e-05
-0.000266461
-0.00043753
-0.000587846
-0.000720172
-0.00083686
-0.000939898
-0.00103102
-0.00111174
-0.00118331
-0.00124687
-0.00130337
-0.00135367
-0.00139849
-0.00143849
-0.00147421
-0.00150615
-0.00153475
-0.00156037
-0.00158336
-0.001604
-0.00162255
-0.00163924
-0.00165428
-0.00166783
-0.00168006
-0.00169111
-0.00170109
-0.00171013
-0.00171831
-0.00172573
-0.00173246
-0.00173857
-0.00174412
-0.00174917
-0.00175377
-0.00175796
-0.00176178
-0.00176526
-0.00176845
-0.00177135
-0.00177401
-0.00177645
-0.00177868
-0.00178072
-0.0017826
-0.00178432
-0.0017859
-0.00178735
-0.00178869
-0.00178991
-0.00179104
-0.00179208
-0.00179304
-0.00179393
-0.00179474
-0.00179549
-0.00179619
-0.00179683
-0.00179742
-0.00179796
-0.00179847
-0.00179893
-0.00179936
-0.00179975
-0.00180012
-0.00180045
-0.00180076
-0.00180105
-0.00180131
-0.00180155
-0.00180177
-0.00180197
-0.00180215
-0.00180232
-0.00180247
-0.00180261
-0.00180273
-0.00180284
-0.00180294
-0.00180302
-0.0018031
-0.00180316
-0.00180322
-0.00180326
-0.00180329
-0.00180332
-0.00180334
-0.00180334
0.00944621
0.00618099
0.00436638
0.00321465
0.00241128
0.00180945
0.00133314
0.000940963
0.000609351
0.000324366
7.72596e-05
-0.000138098
-0.000326367
-0.000491299
-0.000636083
-0.000763421
-0.000875595
-0.000974586
-0.00106207
-0.00113951
-0.00120816
-0.00126909
-0.00132325
-0.00137145
-0.0014144
-0.00145272
-0.00148695
-0.00151756
-0.00154496
-0.00156953
-0.00159156
-0.00161136
-0.00162915
-0.00164517
-0.0016596
-0.00167261
-0.00168436
-0.00169498
-0.00170457
-0.00171326
-0.00172114
-0.00172827
-0.00173476
-0.00174064
-0.00174599
-0.00175086
-0.0017553
-0.00175934
-0.00176303
-0.0017664
-0.00176947
-0.00177228
-0.00177486
-0.00177721
-0.00177937
-0.00178135
-0.00178317
-0.00178483
-0.00178637
-0.00178777
-0.00178907
-0.00179026
-0.00179136
-0.00179237
-0.0017933
-0.00179416
-0.00179495
-0.00179568
-0.00179635
-0.00179697
-0.00179754
-0.00179807
-0.00179856
-0.00179901
-0.00179943
-0.00179981
-0.00180016
-0.00180049
-0.00180079
-0.00180106
-0.00180132
-0.00180155
-0.00180176
-0.00180195
-0.00180213
-0.00180228
-0.00180243
-0.00180256
-0.00180267
-0.00180277
-0.00180286
-0.00180294
-0.00180301
-0.00180307
-0.00180311
-0.00180315
-0.00180317
-0.00180319
-0.0018032
0.0107895
0.00711085
0.00503534
0.00371417
0.00279689
0.00211564
0.00158227
0.00114765
0.000783262
0.000472154
0.00020365
-2.95341e-05
-0.000232795
-0.000410412
-0.000565969
-0.000702467
-0.000822462
-0.000928148
-0.00102138
-0.00110378
-0.0011767
-0.00124134
-0.00129872
-0.00134972
-0.00139512
-0.00143557
-0.00147168
-0.00150394
-0.00153279
-0.00155863
-0.0015818
-0.00160259
-0.00162128
-0.00163808
-0.00165321
-0.00166685
-0.00167916
-0.00169027
-0.00170031
-0.0017094
-0.00171763
-0.00172509
-0.00173186
-0.00173801
-0.00174359
-0.00174867
-0.0017533
-0.00175751
-0.00176136
-0.00176487
-0.00176807
-0.001771
-0.00177368
-0.00177613
-0.00177837
-0.00178043
-0.00178232
-0.00178405
-0.00178565
-0.00178711
-0.00178845
-0.00178969
-0.00179083
-0.00179188
-0.00179284
-0.00179373
-0.00179455
-0.00179531
-0.00179601
-0.00179665
-0.00179725
-0.0017978
-0.0017983
-0.00179877
-0.0017992
-0.0017996
-0.00179996
-0.0018003
-0.00180061
-0.00180089
-0.00180115
-0.00180139
-0.00180161
-0.00180181
-0.00180199
-0.00180216
-0.00180231
-0.00180244
-0.00180256
-0.00180266
-0.00180276
-0.00180284
-0.00180291
-0.00180297
-0.00180301
-0.00180305
-0.00180308
-0.0018031
-0.0018031
0.011848
0.00786716
0.00558922
0.00413028
0.00311701
0.00236773
0.00178514
0.00131398
0.000921773
0.000588804
0.000302634
5.4891e-05
-0.000160518
-0.000348351
-0.000512518
-0.000656298
-0.000782485
-0.000893435
-0.000991166
-0.0010774
-0.00115363
-0.0012211
-0.00128093
-0.00133406
-0.00138129
-0.00142335
-0.00146085
-0.00149433
-0.00152425
-0.00155103
-0.00157502
-0.00159654
-0.00161586
-0.00163323
-0.00164887
-0.00166295
-0.00167564
-0.00168711
-0.00169746
-0.00170683
-0.00171531
-0.00172299
-0.00172996
-0.00173628
-0.00174203
-0.00174726
-0.00175201
-0.00175634
-0.00176029
-0.00176389
-0.00176718
-0.00177019
-0.00177294
-0.00177545
-0.00177776
-0.00177987
-0.0017818
-0.00178358
-0.00178521
-0.00178671
-0.00178808
-0.00178935
-0.00179051
-0.00179159
-0.00179258
-0.00179349
-0.00179433
-0.0017951
-0.00179581
-0.00179647
-0.00179708
-0.00179764
-0.00179816
-0.00179863
-0.00179907
-0.00179948
-0.00179985
-0.0018002
-0.00180051
-0.0018008
-0.00180107
-0.00180131
-0.00180153
-0.00180174
-0.00180192
-0.00180209
-0.00180224
-0.00180238
-0.0018025
-0.00180261
-0.0018027
-0.00180279
-0.00180286
-0.00180292
-0.00180296
-0.001803
-0.00180303
-0.00180305
-0.00180306
0.012573
0.00840841
0.0059954
0.00443784
0.0033527
0.00255118
0.00193042
0.00143107
0.00101766
0.000668307
0.000369162
0.000110887
-0.000113182
-0.000308211
-0.000478385
-0.000627198
-0.000757611
-0.000872115
-0.000972845
-0.00106162
-0.00114
-0.00120931
-0.0012707
-0.00132516
-0.00137354
-0.00141659
-0.00145494
-0.00148915
-0.00151971
-0.00154704
-0.00157151
-0.00159344
-0.00161313
-0.00163082
-0.00164673
-0.00166105
-0.00167397
-0.00168562
-0.00169614
-0.00170565
-0.00171426
-0.00172206
-0.00172913
-0.00173554
-0.00174137
-0.00174666
-0.00175148
-0.00175587
-0.00175987
-0.00176352
-0.00176684
-0.00176988
-0.00177266
-0.00177521
-0.00177754
-0.00177967
-0.00178162
-0.00178342
-0.00178507
-0.00178658
-0.00178797
-0.00178925
-0.00179042
-0.00179151
-0.0017925
-0.00179342
-0.00179427
-0.00179505
-0.00179577
-0.00179643
-0.00179704
-0.00179761
-0.00179813
-0.00179861
-0.00179905
-0.00179946
-0.00179984
-0.00180018
-0.0018005
-0.00180079
-0.00180106
-0.0018013
-0.00180153
-0.00180173
-0.00180192
-0.00180209
-0.00180224
-0.00180238
-0.0018025
-0.00180261
-0.0018027
-0.00180279
-0.00180286
-0.00180292
-0.00180297
-0.001803
-0.00180303
-0.00180305
-0.00180306
0.012962
0.00871499
0.00623128
0.00461634
0.00348693
0.00265238
0.00200734
0.00149033
0.00106392
0.00070496
0.000398455
0.000134465
-9.41722e-05
-0.000292866
-0.00046602
-0.000617249
-0.000749615
-0.000865706
-0.000967731
-0.00105755
-0.00113679
-0.00120679
-0.00126875
-0.00132366
-0.00137242
-0.00141576
-0.00145436
-0.00148876
-0.00151948
-0.00154693
-0.0015715
-0.00159352
-0.00161327
-0.00163101
-0.00164695
-0.00166131
-0.00167424
-0.0016859
-0.00169643
-0.00170595
-0.00171456
-0.00172236
-0.00172942
-0.00173583
-0.00174165
-0.00174694
-0.00175175
-0.00175613
-0.00176012
-0.00176376
-0.00176708
-0.00177011
-0.00177288
-0.00177541
-0.00177773
-0.00177986
-0.00178181
-0.00178359
-0.00178523
-0.00178674
-0.00178812
-0.00178939
-0.00179056
-0.00179164
-0.00179263
-0.00179354
-0.00179438
-0.00179516
-0.00179588
-0.00179653
-0.00179714
-0.0017977
-0.00179822
-0.0017987
-0.00179914
-0.00179954
-0.00179991
-0.00180026
-0.00180057
-0.00180086
-0.00180113
-0.00180137
-0.00180159
-0.0018018
-0.00180198
-0.00180215
-0.0018023
-0.00180244
-0.00180256
-0.00180266
-0.00180276
-0.00180284
-0.00180291
-0.00180297
-0.00180302
-0.00180306
-0.00180308
-0.0018031
-0.00180311
0.0130538
0.00878476
0.00628254
0.00464946
0.00350517
0.00265928
0.00200634
0.00148406
0.00105449
0.000693719
0.000386394
0.000122132
-0.000106395
-0.00030479
-0.000477493
-0.000628204
-0.000759993
-0.000875493
-0.000976909
-0.00106614
-0.00114479
-0.00121423
-0.00127565
-0.00133007
-0.00137835
-0.00142125
-0.00145943
-0.00149346
-0.00152382
-0.00155094
-0.00157521
-0.00159694
-0.00161643
-0.00163393
-0.00164965
-0.0016638
-0.00167655
-0.00168804
-0.00169841
-0.00170778
-0.00171626
-0.00172393
-0.00173088
-0.00173719
-0.00174291
-0.00174811
-0.00175284
-0.00175714
-0.00176106
-0.00176463
-0.00176789
-0.00177087
-0.00177359
-0.00177608
-0.00177835
-0.00178044
-0.00178235
-0.0017841
-0.00178571
-0.00178718
-0.00178854
-0.00178979
-0.00179093
-0.00179199
-0.00179296
-0.00179385
-0.00179468
-0.00179544
-0.00179614
-0.00179678
-0.00179738
-0.00179793
-0.00179843
-0.0017989
-0.00179933
-0.00179972
-0.00180009
-0.00180042
-0.00180073
-0.00180101
-0.00180127
-0.00180151
-0.00180173
-0.00180193
-0.00180211
-0.00180227
-0.00180242
-0.00180255
-0.00180267
-0.00180278
-0.00180287
-0.00180295
-0.00180302
-0.00180307
-0.00180312
-0.00180316
-0.00180319
-0.0018032
-0.00180321
)
;

boundaryField
{
    back
    {
        type            empty;
    }
    top
    {
        type            timeVaryingMappedFixedValue;
        fieldTable      h;
        value           nonuniform List<scalar> 
54
(
0.0161013
0.0158876
0.0153551
0.0144448
0.0131265
0.0113946
0.00925889
0.0067367
0.00390412
0.000862464
-0.00237414
-0.00570593
-0.00888675
-0.011656
-0.0137894
-0.0150868
-0.0154193
-0.0148421
-0.0132314
-0.0108766
-0.0092386
-0.00822783
-0.00761152
-0.00719258
-0.00686974
-0.00657965
-0.0062959
-0.00602261
-0.00576757
-0.00553146
-0.00530992
-0.00509409
-0.00487381
-0.004638
-0.00437844
-0.00409846
-0.00379288
-0.0034098
-0.00291809
-0.00228992
-0.00149425
-0.000490312
0.000742172
0.00221543
0.00392737
0.00582897
0.00785228
0.00989008
0.0117986
0.0134447
0.014724
0.0155803
0.0160233
0.0161439
)
;
    }
    right
    {
        type            cyclicAMI;
        value           nonuniform List<scalar> 
99
(
0.0129938
0.00871614
0.00621971
0.00459391
0.00345582
0.00261503
0.00196635
0.00144784
0.00102168
0.000664076
0.000359655
9.80539e-05
-0.00012807
-0.000324297
-0.000495062
-0.000644033
-0.000774268
-0.000888374
-0.000988543
-0.00107665
-0.0011543
-0.00122284
-0.00128346
-0.00133714
-0.00138477
-0.00142709
-0.00146474
-0.00149828
-0.00152821
-0.00155494
-0.00157886
-0.00160028
-0.00161948
-0.00163671
-0.0016522
-0.00166614
-0.00167869
-0.00169001
-0.00170022
-0.00170944
-0.00171779
-0.00172534
-0.00173218
-0.00173838
-0.00174401
-0.00174913
-0.00175378
-0.00175801
-0.00176187
-0.00176538
-0.00176859
-0.00177151
-0.00177419
-0.00177663
-0.00177887
-0.00178092
-0.0017828
-0.00178452
-0.0017861
-0.00178755
-0.00178888
-0.00179011
-0.00179123
-0.00179227
-0.00179322
-0.0017941
-0.00179491
-0.00179565
-0.00179634
-0.00179698
-0.00179756
-0.0017981
-0.00179859
-0.00179905
-0.00179947
-0.00179986
-0.00180022
-0.00180055
-0.00180085
-0.00180113
-0.00180139
-0.00180162
-0.00180183
-0.00180203
-0.0018022
-0.00180236
-0.00180251
-0.00180264
-0.00180276
-0.00180286
-0.00180295
-0.00180303
-0.0018031
-0.00180315
-0.0018032
-0.00180323
-0.00180326
-0.00180328
-0.00180329
)
;
    }
    bottom
    {
        type            zeroGradient;
    }
    left
    {
        type            cyclicAMI;
        value           nonuniform List<scalar> 
99
(
0.0129938
0.00871614
0.00621971
0.00459391
0.00345582
0.00261503
0.00196635
0.00144784
0.00102168
0.000664076
0.000359655
9.80539e-05
-0.00012807
-0.000324297
-0.000495062
-0.000644033
-0.000774268
-0.000888374
-0.000988543
-0.00107665
-0.0011543
-0.00122284
-0.00128346
-0.00133714
-0.00138477
-0.00142709
-0.00146474
-0.00149828
-0.00152821
-0.00155494
-0.00157886
-0.00160028
-0.00161948
-0.00163671
-0.0016522
-0.00166614
-0.00167869
-0.00169001
-0.00170022
-0.00170944
-0.00171779
-0.00172534
-0.00173218
-0.00173838
-0.00174401
-0.00174913
-0.00175378
-0.00175801
-0.00176187
-0.00176538
-0.00176859
-0.00177151
-0.00177419
-0.00177663
-0.00177887
-0.00178092
-0.0017828
-0.00178452
-0.0017861
-0.00178755
-0.00178888
-0.00179011
-0.00179123
-0.00179227
-0.00179322
-0.0017941
-0.00179491
-0.00179565
-0.00179634
-0.00179698
-0.00179756
-0.0017981
-0.00179859
-0.00179905
-0.00179947
-0.00179986
-0.00180022
-0.00180055
-0.00180085
-0.00180113
-0.00180139
-0.00180162
-0.00180183
-0.00180203
-0.0018022
-0.00180236
-0.00180251
-0.00180264
-0.00180276
-0.00180286
-0.00180295
-0.00180303
-0.0018031
-0.00180315
-0.0018032
-0.00180323
-0.00180326
-0.00180328
-0.00180329
)
;
    }
    front
    {
        type            empty;
    }
}


// ************************************************************************* //
