/*--------------------------------*- C++ -*----------------------------------*\
  =========                 |
  \\      /  F ield         | OpenFOAM: The Open Source CFD Toolbox
   \\    /   O peration     | Website:  https://openfoam.org
    \\  /    A nd           | Version:  7
     \\/     M anipulation  |
\*---------------------------------------------------------------------------*/
FoamFile
{
    version     2.0;
    format      ascii;
    class       volScalarField;
    location    "1123200.0";
    object      K;
}
// * * * * * * * * * * * * * * * * * * * * * * * * * * * * * * * * * * * * * //

dimensions      [0 1 -1 0 0 0 0];

internalField   nonuniform List<scalar> 
5346
(
0.0166817
0.0295987
0.0437385
0.0577054
0.070341
0.0807831
0.0886312
0.0939626
0.0972087
0.0989594
0.0997801
0.100104
0.100204
0.100223
0.100222
0.100219
0.100218
0.100217
0.100217
0.100217
0.100217
0.100217
0.100217
0.100217
0.100217
0.100217
0.100217
0.100217
0.100217
0.100217
0.100217
0.100217
0.100217
0.100217
0.100217
0.100217
0.100217
0.100217
0.100217
0.100217
0.100217
0.100217
0.100217
0.100217
0.100217
0.100217
0.100217
0.100217
0.100217
0.100217
0.100217
0.100217
0.100217
0.100217
0.100217
0.100217
0.100217
0.100217
0.100217
0.100217
0.100217
0.100217
0.100217
0.100217
0.100217
0.100217
0.100217
0.100217
0.100217
0.100217
0.100217
0.100217
0.100217
0.100217
0.100217
0.100217
0.100217
0.100217
0.100217
0.100217
0.100217
0.100217
0.100217
0.100217
0.100217
0.100217
0.100217
0.100217
0.100217
0.100217
0.100217
0.100217
0.100217
0.100217
0.100217
0.100217
0.100217
0.100217
0.100217
0.0164542
0.029093
0.0432295
0.0573895
0.0702168
0.0807509
0.088605
0.0939129
0.0971465
0.0989048
0.0997439
0.100085
0.100196
0.100221
0.100222
0.100219
0.100218
0.100217
0.100217
0.100217
0.100217
0.100217
0.100217
0.100217
0.100217
0.100217
0.100217
0.100217
0.100217
0.100217
0.100217
0.100217
0.100217
0.100217
0.100217
0.100217
0.100217
0.100217
0.100217
0.100217
0.100217
0.100217
0.100217
0.100217
0.100217
0.100217
0.100217
0.100217
0.100217
0.100217
0.100217
0.100217
0.100217
0.100217
0.100217
0.100217
0.100217
0.100217
0.100217
0.100217
0.100217
0.100217
0.100217
0.100217
0.100217
0.100217
0.100217
0.100217
0.100217
0.100217
0.100217
0.100217
0.100217
0.100217
0.100217
0.100217
0.100217
0.100217
0.100217
0.100217
0.100217
0.100217
0.100217
0.100217
0.100217
0.100217
0.100217
0.100217
0.100217
0.100217
0.100217
0.100217
0.100217
0.100217
0.100217
0.100217
0.100217
0.100217
0.100217
0.0163629
0.0288732
0.0429124
0.0571224
0.0700918
0.0807467
0.0886468
0.0939437
0.0971503
0.0988915
0.0997277
0.100074
0.100191
0.100219
0.100221
0.100219
0.100218
0.100217
0.100217
0.100217
0.100217
0.100217
0.100217
0.100217
0.100217
0.100217
0.100217
0.100217
0.100217
0.100217
0.100217
0.100217
0.100217
0.100217
0.100217
0.100217
0.100217
0.100217
0.100217
0.100217
0.100217
0.100217
0.100217
0.100217
0.100217
0.100217
0.100217
0.100217
0.100217
0.100217
0.100217
0.100217
0.100217
0.100217
0.100217
0.100217
0.100217
0.100217
0.100217
0.100217
0.100217
0.100217
0.100217
0.100217
0.100217
0.100217
0.100217
0.100217
0.100217
0.100217
0.100217
0.100217
0.100217
0.100217
0.100217
0.100217
0.100217
0.100217
0.100217
0.100217
0.100217
0.100217
0.100217
0.100217
0.100217
0.100217
0.100217
0.100217
0.100217
0.100217
0.100217
0.100217
0.100217
0.100217
0.100217
0.100217
0.100217
0.100217
0.100217
0.0163848
0.0290126
0.0430803
0.0572778
0.0702515
0.0809193
0.0888084
0.0940636
0.0972181
0.0989183
0.0997324
0.100071
0.100188
0.100218
0.100221
0.100219
0.100218
0.100217
0.100217
0.100217
0.100217
0.100217
0.100217
0.100217
0.100217
0.100217
0.100217
0.100217
0.100217
0.100217
0.100217
0.100217
0.100217
0.100217
0.100217
0.100217
0.100217
0.100217
0.100217
0.100217
0.100217
0.100217
0.100217
0.100217
0.100217
0.100217
0.100217
0.100217
0.100217
0.100217
0.100217
0.100217
0.100217
0.100217
0.100217
0.100217
0.100217
0.100217
0.100217
0.100217
0.100217
0.100217
0.100217
0.100217
0.100217
0.100217
0.100217
0.100217
0.100217
0.100217
0.100217
0.100217
0.100217
0.100217
0.100217
0.100217
0.100217
0.100217
0.100217
0.100217
0.100217
0.100217
0.100217
0.100217
0.100217
0.100217
0.100217
0.100217
0.100217
0.100217
0.100217
0.100217
0.100217
0.100217
0.100217
0.100217
0.100217
0.100217
0.100217
0.0165377
0.0295152
0.0437943
0.0580123
0.0708863
0.0814159
0.0891681
0.0943004
0.0973545
0.0989839
0.0997568
0.100077
0.100187
0.100217
0.10022
0.100219
0.100218
0.100217
0.100217
0.100217
0.100217
0.100217
0.100217
0.100217
0.100217
0.100217
0.100217
0.100217
0.100217
0.100217
0.100217
0.100217
0.100217
0.100217
0.100217
0.100217
0.100217
0.100217
0.100217
0.100217
0.100217
0.100217
0.100217
0.100217
0.100217
0.100217
0.100217
0.100217
0.100217
0.100217
0.100217
0.100217
0.100217
0.100217
0.100217
0.100217
0.100217
0.100217
0.100217
0.100217
0.100217
0.100217
0.100217
0.100217
0.100217
0.100217
0.100217
0.100217
0.100217
0.100217
0.100217
0.100217
0.100217
0.100217
0.100217
0.100217
0.100217
0.100217
0.100217
0.100217
0.100217
0.100217
0.100217
0.100217
0.100217
0.100217
0.100217
0.100217
0.100217
0.100217
0.100217
0.100217
0.100217
0.100217
0.100217
0.100217
0.100217
0.100217
0.100217
0.0168487
0.0304349
0.0451057
0.0593936
0.0720877
0.0823261
0.0897871
0.0946824
0.0975665
0.0990869
0.0997986
0.10009
0.10019
0.100216
0.10022
0.100219
0.100218
0.100217
0.100217
0.100217
0.100217
0.100217
0.100217
0.100217
0.100217
0.100217
0.100217
0.100217
0.100217
0.100217
0.100217
0.100217
0.100217
0.100217
0.100217
0.100217
0.100217
0.100217
0.100217
0.100217
0.100217
0.100217
0.100217
0.100217
0.100217
0.100217
0.100217
0.100217
0.100217
0.100217
0.100217
0.100217
0.100217
0.100217
0.100217
0.100217
0.100217
0.100217
0.100217
0.100217
0.100217
0.100217
0.100217
0.100217
0.100217
0.100217
0.100217
0.100217
0.100217
0.100217
0.100217
0.100217
0.100217
0.100217
0.100217
0.100217
0.100217
0.100217
0.100217
0.100217
0.100217
0.100217
0.100217
0.100217
0.100217
0.100217
0.100217
0.100217
0.100217
0.100217
0.100217
0.100217
0.100217
0.100217
0.100217
0.100217
0.100217
0.100217
0.100217
0.0173517
0.0318696
0.0471123
0.0614882
0.0738997
0.083684
0.09069
0.0952214
0.0978555
0.0992243
0.0998548
0.100108
0.100194
0.100216
0.100219
0.100218
0.100218
0.100217
0.100217
0.100217
0.100217
0.100217
0.100217
0.100217
0.100217
0.100217
0.100217
0.100217
0.100217
0.100217
0.100217
0.100217
0.100217
0.100217
0.100217
0.100217
0.100217
0.100217
0.100217
0.100217
0.100217
0.100217
0.100217
0.100217
0.100217
0.100217
0.100217
0.100217
0.100217
0.100217
0.100217
0.100217
0.100217
0.100217
0.100217
0.100217
0.100217
0.100217
0.100217
0.100217
0.100217
0.100217
0.100217
0.100217
0.100217
0.100217
0.100217
0.100217
0.100217
0.100217
0.100217
0.100217
0.100217
0.100217
0.100217
0.100217
0.100217
0.100217
0.100217
0.100217
0.100217
0.100217
0.100217
0.100217
0.100217
0.100217
0.100217
0.100217
0.100217
0.100217
0.100217
0.100217
0.100217
0.100217
0.100217
0.100217
0.100217
0.100217
0.100217
0.0182032
0.0341281
0.0500376
0.0643896
0.0763374
0.0854764
0.0918599
0.0959039
0.0982115
0.0993889
0.0999207
0.10013
0.100199
0.100216
0.100219
0.100218
0.100218
0.100217
0.100217
0.100217
0.100217
0.100217
0.100217
0.100217
0.100217
0.100217
0.100217
0.100217
0.100217
0.100217
0.100217
0.100217
0.100217
0.100217
0.100217
0.100217
0.100217
0.100217
0.100217
0.100217
0.100217
0.100217
0.100217
0.100217
0.100217
0.100217
0.100217
0.100217
0.100217
0.100217
0.100217
0.100217
0.100217
0.100217
0.100217
0.100217
0.100217
0.100217
0.100217
0.100217
0.100217
0.100217
0.100217
0.100217
0.100217
0.100217
0.100217
0.100217
0.100217
0.100217
0.100217
0.100217
0.100217
0.100217
0.100217
0.100217
0.100217
0.100217
0.100217
0.100217
0.100217
0.100217
0.100217
0.100217
0.100217
0.100217
0.100217
0.100217
0.100217
0.100217
0.100217
0.100217
0.100217
0.100217
0.100217
0.100217
0.100217
0.100217
0.100217
0.0196049
0.0375767
0.0541205
0.0681693
0.0793733
0.0876427
0.09324
0.0966898
0.0986106
0.099568
0.0999903
0.100152
0.100204
0.100217
0.100218
0.100218
0.100218
0.100217
0.100217
0.100217
0.100217
0.100217
0.100217
0.100217
0.100217
0.100217
0.100217
0.100217
0.100217
0.100217
0.100217
0.100217
0.100217
0.100217
0.100217
0.100217
0.100217
0.100217
0.100217
0.100217
0.100217
0.100217
0.100217
0.100217
0.100217
0.100217
0.100217
0.100217
0.100217
0.100217
0.100217
0.100217
0.100217
0.100217
0.100217
0.100217
0.100217
0.100217
0.100217
0.100217
0.100217
0.100217
0.100217
0.100217
0.100217
0.100217
0.100217
0.100217
0.100217
0.100217
0.100217
0.100217
0.100217
0.100217
0.100217
0.100217
0.100217
0.100217
0.100217
0.100217
0.100217
0.100217
0.100217
0.100217
0.100217
0.100217
0.100217
0.100217
0.100217
0.100217
0.100217
0.100217
0.100217
0.100217
0.100217
0.100217
0.100217
0.100217
0.100217
0.0218046
0.0424586
0.0594745
0.0728072
0.0829136
0.0900716
0.0947378
0.0975175
0.0990183
0.0997451
0.100057
0.100173
0.100209
0.100217
0.100218
0.100218
0.100218
0.100217
0.100217
0.100217
0.100217
0.100217
0.100217
0.100217
0.100217
0.100217
0.100217
0.100217
0.100217
0.100217
0.100217
0.100217
0.100217
0.100217
0.100217
0.100217
0.100217
0.100217
0.100217
0.100217
0.100217
0.100217
0.100217
0.100217
0.100217
0.100217
0.100217
0.100217
0.100217
0.100217
0.100217
0.100217
0.100217
0.100217
0.100217
0.100217
0.100217
0.100217
0.100217
0.100217
0.100217
0.100217
0.100217
0.100217
0.100217
0.100217
0.100217
0.100217
0.100217
0.100217
0.100217
0.100217
0.100217
0.100217
0.100217
0.100217
0.100217
0.100217
0.100217
0.100217
0.100217
0.100217
0.100217
0.100217
0.100217
0.100217
0.100217
0.100217
0.100217
0.100217
0.100217
0.100217
0.100217
0.100217
0.100217
0.100217
0.100217
0.100217
0.100217
0.0262266
0.0492795
0.0660514
0.078119
0.0867654
0.092594
0.0962296
0.0983112
0.0993953
0.099903
0.100114
0.100189
0.100212
0.100217
0.100218
0.100218
0.100217
0.100217
0.100217
0.100217
0.100217
0.100217
0.100217
0.100217
0.100217
0.100217
0.100217
0.100217
0.100217
0.100217
0.100217
0.100217
0.100217
0.100217
0.100217
0.100217
0.100217
0.100217
0.100217
0.100217
0.100217
0.100217
0.100217
0.100217
0.100217
0.100217
0.100217
0.100217
0.100217
0.100217
0.100217
0.100217
0.100217
0.100217
0.100217
0.100217
0.100217
0.100217
0.100217
0.100217
0.100217
0.100217
0.100217
0.100217
0.100217
0.100217
0.100217
0.100217
0.100217
0.100217
0.100217
0.100217
0.100217
0.100217
0.100217
0.100217
0.100217
0.100217
0.100217
0.100217
0.100217
0.100217
0.100217
0.100217
0.100217
0.100217
0.100217
0.100217
0.100217
0.100217
0.100217
0.100217
0.100217
0.100217
0.100217
0.100217
0.100217
0.100217
0.100217
0.0353051
0.0585293
0.0737896
0.0838602
0.090662
0.0950064
0.0975885
0.0990035
0.0997112
0.10003
0.100157
0.100202
0.100215
0.100217
0.100218
0.100217
0.100217
0.100217
0.100217
0.100217
0.100217
0.100217
0.100217
0.100217
0.100217
0.100217
0.100217
0.100217
0.100217
0.100217
0.100217
0.100217
0.100217
0.100217
0.100217
0.100217
0.100217
0.100217
0.100217
0.100217
0.100217
0.100217
0.100217
0.100217
0.100217
0.100217
0.100217
0.100217
0.100217
0.100217
0.100217
0.100217
0.100217
0.100217
0.100217
0.100217
0.100217
0.100217
0.100217
0.100217
0.100217
0.100217
0.100217
0.100217
0.100217
0.100217
0.100217
0.100217
0.100217
0.100217
0.100217
0.100217
0.100217
0.100217
0.100217
0.100217
0.100217
0.100217
0.100217
0.100217
0.100217
0.100217
0.100217
0.100217
0.100217
0.100217
0.100217
0.100217
0.100217
0.100217
0.100217
0.100217
0.100217
0.100217
0.100217
0.100217
0.100217
0.100217
0.100217
0.0478868
0.0704484
0.0821544
0.089494
0.0942158
0.0970733
0.0986915
0.0995392
0.0999451
0.10012
0.100188
0.10021
0.100216
0.100217
0.100217
0.100217
0.100217
0.100217
0.100217
0.100217
0.100217
0.100217
0.100217
0.100217
0.100217
0.100217
0.100217
0.100217
0.100217
0.100217
0.100217
0.100217
0.100217
0.100217
0.100217
0.100217
0.100217
0.100217
0.100217
0.100217
0.100217
0.100217
0.100217
0.100217
0.100217
0.100217
0.100217
0.100217
0.100217
0.100217
0.100217
0.100217
0.100217
0.100217
0.100217
0.100217
0.100217
0.100217
0.100217
0.100217
0.100217
0.100217
0.100217
0.100217
0.100217
0.100217
0.100217
0.100217
0.100217
0.100217
0.100217
0.100217
0.100217
0.100217
0.100217
0.100217
0.100217
0.100217
0.100217
0.100217
0.100217
0.100217
0.100217
0.100217
0.100217
0.100217
0.100217
0.100217
0.100217
0.100217
0.100217
0.100217
0.100217
0.100217
0.100217
0.100217
0.100217
0.100217
0.100217
0.0633807
0.0834114
0.0898109
0.094287
0.0970284
0.0986088
0.0994666
0.099897
0.100094
0.100176
0.100205
0.100214
0.100217
0.100217
0.100217
0.100217
0.100217
0.100217
0.100217
0.100217
0.100217
0.100217
0.100217
0.100217
0.100217
0.100217
0.100217
0.100217
0.100217
0.100217
0.100217
0.100217
0.100217
0.100217
0.100217
0.100217
0.100217
0.100217
0.100217
0.100217
0.100217
0.100217
0.100217
0.100217
0.100217
0.100217
0.100217
0.100217
0.100217
0.100217
0.100217
0.100217
0.100217
0.100217
0.100217
0.100217
0.100217
0.100217
0.100217
0.100217
0.100217
0.100217
0.100217
0.100217
0.100217
0.100217
0.100217
0.100217
0.100217
0.100217
0.100217
0.100217
0.100217
0.100217
0.100217
0.100217
0.100217
0.100217
0.100217
0.100217
0.100217
0.100217
0.100217
0.100217
0.100217
0.100217
0.100217
0.100217
0.100217
0.100217
0.100217
0.100217
0.100217
0.100217
0.100217
0.100217
0.100217
0.100217
0.100217
0.0806507
0.0938299
0.0953911
0.0976606
0.0988686
0.0995588
0.0999214
0.100097
0.100173
0.100203
0.100214
0.100217
0.100217
0.100217
0.100217
0.100217
0.100217
0.100217
0.100217
0.100217
0.100217
0.100217
0.100217
0.100217
0.100217
0.100217
0.100217
0.100217
0.100217
0.100217
0.100217
0.100217
0.100217
0.100217
0.100217
0.100217
0.100217
0.100217
0.100217
0.100217
0.100217
0.100217
0.100217
0.100217
0.100217
0.100217
0.100217
0.100217
0.100217
0.100217
0.100217
0.100217
0.100217
0.100217
0.100217
0.100217
0.100217
0.100217
0.100217
0.100217
0.100217
0.100217
0.100217
0.100217
0.100217
0.100217
0.100217
0.100217
0.100217
0.100217
0.100217
0.100217
0.100217
0.100217
0.100217
0.100217
0.100217
0.100217
0.100217
0.100217
0.100217
0.100217
0.100217
0.100217
0.100217
0.100217
0.100217
0.100217
0.100217
0.100217
0.100217
0.100217
0.100217
0.100217
0.100217
0.100217
0.100217
0.100217
0.100217
0.0945085
0.098878
0.0985904
0.0994817
0.099805
0.100024
0.100133
0.100185
0.100206
0.100214
0.100217
0.100217
0.100217
0.100217
0.100217
0.100217
0.100217
0.100217
0.100217
0.100217
0.100217
0.100217
0.100217
0.100217
0.100217
0.100217
0.100217
0.100217
0.100217
0.100217
0.100217
0.100217
0.100217
0.100217
0.100217
0.100217
0.100217
0.100217
0.100217
0.100217
0.100217
0.100217
0.100217
0.100217
0.100217
0.100217
0.100217
0.100217
0.100217
0.100217
0.100217
0.100217
0.100217
0.100217
0.100217
0.100217
0.100217
0.100217
0.100217
0.100217
0.100217
0.100217
0.100217
0.100217
0.100217
0.100217
0.100217
0.100217
0.100217
0.100217
0.100217
0.100217
0.100217
0.100217
0.100217
0.100217
0.100217
0.100217
0.100217
0.100217
0.100217
0.100217
0.100217
0.100217
0.100217
0.100217
0.100217
0.100217
0.100217
0.100217
0.100217
0.100217
0.100217
0.100217
0.100217
0.100217
0.100217
0.100217
0.100217
0.100049
0.100078
0.0999662
0.100129
0.100148
0.100189
0.100206
0.100214
0.100217
0.100217
0.100217
0.100217
0.100217
0.100217
0.100217
0.100217
0.100217
0.100217
0.100217
0.100217
0.100217
0.100217
0.100217
0.100217
0.100217
0.100217
0.100217
0.100217
0.100217
0.100217
0.100217
0.100217
0.100217
0.100217
0.100217
0.100217
0.100217
0.100217
0.100217
0.100217
0.100217
0.100217
0.100217
0.100217
0.100217
0.100217
0.100217
0.100217
0.100217
0.100217
0.100217
0.100217
0.100217
0.100217
0.100217
0.100217
0.100217
0.100217
0.100217
0.100217
0.100217
0.100217
0.100217
0.100217
0.100217
0.100217
0.100217
0.100217
0.100217
0.100217
0.100217
0.100217
0.100217
0.100217
0.100217
0.100217
0.100217
0.100217
0.100217
0.100217
0.100217
0.100217
0.100217
0.100217
0.100217
0.100217
0.100217
0.100217
0.100217
0.100217
0.100217
0.100217
0.100217
0.100217
0.100217
0.100217
0.100217
0.100217
0.100217
0.100304
0.100247
0.100255
0.100237
0.100225
0.100223
0.10022
0.100219
0.100218
0.100218
0.100217
0.100217
0.100217
0.100217
0.100217
0.100217
0.100217
0.100217
0.100217
0.100217
0.100217
0.100217
0.100217
0.100217
0.100217
0.100217
0.100217
0.100217
0.100217
0.100217
0.100217
0.100217
0.100217
0.100217
0.100217
0.100217
0.100217
0.100217
0.100217
0.100217
0.100217
0.100217
0.100217
0.100217
0.100217
0.100217
0.100217
0.100217
0.100217
0.100217
0.100217
0.100217
0.100217
0.100217
0.100217
0.100217
0.100217
0.100217
0.100217
0.100217
0.100217
0.100217
0.100217
0.100217
0.100217
0.100217
0.100217
0.100217
0.100217
0.100217
0.100217
0.100217
0.100217
0.100217
0.100217
0.100217
0.100217
0.100217
0.100217
0.100217
0.100217
0.100217
0.100217
0.100217
0.100217
0.100217
0.100217
0.100217
0.100217
0.100217
0.100217
0.100217
0.100217
0.100217
0.100217
0.100217
0.100217
0.100217
0.100217
0.100106
0.100304
0.10021
0.100232
0.100225
0.100222
0.100219
0.100218
0.100218
0.100218
0.100217
0.100217
0.100217
0.100217
0.100217
0.100217
0.100217
0.100217
0.100217
0.100217
0.100217
0.100217
0.100217
0.100217
0.100217
0.100217
0.100217
0.100217
0.100217
0.100217
0.100217
0.100217
0.100217
0.100217
0.100217
0.100217
0.100217
0.100217
0.100217
0.100217
0.100217
0.100217
0.100217
0.100217
0.100217
0.100217
0.100217
0.100217
0.100217
0.100217
0.100217
0.100217
0.100217
0.100217
0.100217
0.100217
0.100217
0.100217
0.100217
0.100217
0.100217
0.100217
0.100217
0.100217
0.100217
0.100217
0.100217
0.100217
0.100217
0.100217
0.100217
0.100217
0.100217
0.100217
0.100217
0.100217
0.100217
0.100217
0.100217
0.100217
0.100217
0.100217
0.100217
0.100217
0.100217
0.100217
0.100217
0.100217
0.100217
0.100217
0.100217
0.100217
0.100217
0.100217
0.100217
0.100217
0.100217
0.100217
0.100217
0.0988576
0.100552
0.100159
0.100229
0.100218
0.100219
0.100218
0.100218
0.100217
0.100217
0.100217
0.100217
0.100217
0.100217
0.100217
0.100217
0.100217
0.100217
0.100217
0.100217
0.100217
0.100217
0.100217
0.100217
0.100217
0.100217
0.100217
0.100217
0.100217
0.100217
0.100217
0.100217
0.100217
0.100217
0.100217
0.100217
0.100217
0.100217
0.100217
0.100217
0.100217
0.100217
0.100217
0.100217
0.100217
0.100217
0.100217
0.100217
0.100217
0.100217
0.100217
0.100217
0.100217
0.100217
0.100217
0.100217
0.100217
0.100217
0.100217
0.100217
0.100217
0.100217
0.100217
0.100217
0.100217
0.100217
0.100217
0.100217
0.100217
0.100217
0.100217
0.100217
0.100217
0.100217
0.100217
0.100217
0.100217
0.100217
0.100217
0.100217
0.100217
0.100217
0.100217
0.100217
0.100217
0.100217
0.100217
0.100217
0.100217
0.100217
0.100217
0.100217
0.100217
0.100217
0.100217
0.100217
0.100217
0.100217
0.100217
0.0950279
0.100749
0.100149
0.100227
0.100216
0.100218
0.100217
0.100217
0.100217
0.100217
0.100217
0.100217
0.100217
0.100217
0.100217
0.100217
0.100217
0.100217
0.100217
0.100217
0.100217
0.100217
0.100217
0.100217
0.100217
0.100217
0.100217
0.100217
0.100217
0.100217
0.100217
0.100217
0.100217
0.100217
0.100217
0.100217
0.100217
0.100217
0.100217
0.100217
0.100217
0.100217
0.100217
0.100217
0.100217
0.100217
0.100217
0.100217
0.100217
0.100217
0.100217
0.100217
0.100217
0.100217
0.100217
0.100217
0.100217
0.100217
0.100217
0.100217
0.100217
0.100217
0.100217
0.100217
0.100217
0.100217
0.100217
0.100217
0.100217
0.100217
0.100217
0.100217
0.100217
0.100217
0.100217
0.100217
0.100217
0.100217
0.100217
0.100217
0.100217
0.100217
0.100217
0.100217
0.100217
0.100217
0.100217
0.100217
0.100217
0.100217
0.100217
0.100217
0.100217
0.100217
0.100217
0.100217
0.100217
0.100217
0.100217
0.0888396
0.10072
0.100171
0.100223
0.100217
0.100217
0.100217
0.100217
0.100217
0.100217
0.100217
0.100217
0.100217
0.100217
0.100217
0.100217
0.100217
0.100217
0.100217
0.100217
0.100217
0.100217
0.100217
0.100217
0.100217
0.100217
0.100217
0.100217
0.100217
0.100217
0.100217
0.100217
0.100217
0.100217
0.100217
0.100217
0.100217
0.100217
0.100217
0.100217
0.100217
0.100217
0.100217
0.100217
0.100217
0.100217
0.100217
0.100217
0.100217
0.100217
0.100217
0.100217
0.100217
0.100217
0.100217
0.100217
0.100217
0.100217
0.100217
0.100217
0.100217
0.100217
0.100217
0.100217
0.100217
0.100217
0.100217
0.100217
0.100217
0.100217
0.100217
0.100217
0.100217
0.100217
0.100217
0.100217
0.100217
0.100217
0.100217
0.100217
0.100217
0.100217
0.100217
0.100217
0.100217
0.100217
0.100217
0.100217
0.100217
0.100217
0.100217
0.100217
0.100217
0.100217
0.100217
0.100217
0.100217
0.100217
0.100217
0.0977223
0.100261
0.100217
0.100217
0.100217
0.100217
0.100217
0.100217
0.100217
0.100217
0.100217
0.100217
0.100217
0.100217
0.100217
0.100217
0.100217
0.100217
0.100217
0.100217
0.100217
0.100217
0.100217
0.100217
0.100217
0.100217
0.100217
0.100217
0.100217
0.100217
0.100217
0.100217
0.100217
0.100217
0.100217
0.100217
0.100217
0.100217
0.100217
0.100217
0.100217
0.100217
0.100217
0.100217
0.100217
0.100217
0.100217
0.100217
0.100217
0.100217
0.100217
0.100217
0.100217
0.100217
0.100217
0.100217
0.100217
0.100217
0.100217
0.100217
0.100217
0.100217
0.100217
0.100217
0.100217
0.100217
0.100217
0.100217
0.100217
0.100217
0.100217
0.100217
0.100217
0.100217
0.100217
0.100217
0.100217
0.100217
0.100217
0.100217
0.100217
0.100217
0.100217
0.100217
0.100217
0.100217
0.100217
0.100217
0.100217
0.100217
0.100217
0.100217
0.100217
0.100217
0.100217
0.100217
0.100217
0.100217
0.100217
0.100456
0.100203
0.100219
0.100217
0.100217
0.100217
0.100217
0.100217
0.100217
0.100217
0.100217
0.100217
0.100217
0.100217
0.100217
0.100217
0.100217
0.100217
0.100217
0.100217
0.100217
0.100217
0.100217
0.100217
0.100217
0.100217
0.100217
0.100217
0.100217
0.100217
0.100217
0.100217
0.100217
0.100217
0.100217
0.100217
0.100217
0.100217
0.100217
0.100217
0.100217
0.100217
0.100217
0.100217
0.100217
0.100217
0.100217
0.100217
0.100217
0.100217
0.100217
0.100217
0.100217
0.100217
0.100217
0.100217
0.100217
0.100217
0.100217
0.100217
0.100217
0.100217
0.100217
0.100217
0.100217
0.100217
0.100217
0.100217
0.100217
0.100217
0.100217
0.100217
0.100217
0.100217
0.100217
0.100217
0.100217
0.100217
0.100217
0.100217
0.100217
0.100217
0.100217
0.100217
0.100217
0.100217
0.100217
0.100217
0.100217
0.100217
0.100217
0.100217
0.100217
0.100217
0.100217
0.100217
0.100217
0.100217
0.100217
0.100206
0.100219
0.100217
0.100217
0.100217
0.100217
0.100217
0.100217
0.100217
0.100217
0.100217
0.100217
0.100217
0.100217
0.100217
0.100217
0.100217
0.100217
0.100217
0.100217
0.100217
0.100217
0.100217
0.100217
0.100217
0.100217
0.100217
0.100217
0.100217
0.100217
0.100217
0.100217
0.100217
0.100217
0.100217
0.100217
0.100217
0.100217
0.100217
0.100217
0.100217
0.100217
0.100217
0.100217
0.100217
0.100217
0.100217
0.100217
0.100217
0.100217
0.100217
0.100217
0.100217
0.100217
0.100217
0.100217
0.100217
0.100217
0.100217
0.100217
0.100217
0.100217
0.100217
0.100217
0.100217
0.100217
0.100217
0.100217
0.100217
0.100217
0.100217
0.100217
0.100217
0.100217
0.100217
0.100217
0.100217
0.100217
0.100217
0.100217
0.100217
0.100217
0.100217
0.100217
0.100217
0.100217
0.100217
0.100217
0.100217
0.100217
0.100217
0.100217
0.100217
0.100217
0.100217
0.100217
0.100217
0.100217
0.100217
0.100218
0.100217
0.100217
0.100217
0.100217
0.100217
0.100217
0.100217
0.100217
0.100217
0.100217
0.100217
0.100217
0.100217
0.100217
0.100217
0.100217
0.100217
0.100217
0.100217
0.100217
0.100217
0.100217
0.100217
0.100217
0.100217
0.100217
0.100217
0.100217
0.100217
0.100217
0.100217
0.100217
0.100217
0.100217
0.100217
0.100217
0.100217
0.100217
0.100217
0.100217
0.100217
0.100217
0.100217
0.100217
0.100217
0.100217
0.100217
0.100217
0.100217
0.100217
0.100217
0.100217
0.100217
0.100217
0.100217
0.100217
0.100217
0.100217
0.100217
0.100217
0.100217
0.100217
0.100217
0.100217
0.100217
0.100217
0.100217
0.100217
0.100217
0.100217
0.100217
0.100217
0.100217
0.100217
0.100217
0.100217
0.100217
0.100217
0.100217
0.100217
0.100217
0.100217
0.100217
0.100217
0.100217
0.100217
0.100217
0.100217
0.100217
0.100217
0.100217
0.100217
0.100217
0.100217
0.100217
0.100217
0.100217
0.100217
0.100217
0.100217
0.100217
0.100217
0.100217
0.100217
0.100217
0.100217
0.100217
0.100217
0.100217
0.100217
0.100217
0.100217
0.100217
0.100217
0.100217
0.100217
0.100217
0.100217
0.100217
0.100217
0.100217
0.100217
0.100217
0.100217
0.100217
0.100217
0.100217
0.100217
0.100217
0.100217
0.100217
0.100217
0.100217
0.100217
0.100217
0.100217
0.100217
0.100217
0.100217
0.100217
0.100217
0.100217
0.100217
0.100217
0.100217
0.100217
0.100217
0.100217
0.100217
0.100217
0.100217
0.100217
0.100217
0.100217
0.100217
0.100217
0.100217
0.100217
0.100217
0.100217
0.100217
0.100217
0.100217
0.100217
0.100217
0.100217
0.100217
0.100217
0.100217
0.100217
0.100217
0.100217
0.100217
0.100217
0.100217
0.100217
0.100217
0.100217
0.100217
0.100217
0.100217
0.100217
0.100217
0.100217
0.100217
0.100217
0.100217
0.100217
0.100217
0.100217
0.100217
0.100217
0.100217
0.100217
0.100217
0.100217
0.100217
0.100217
0.100217
0.100217
0.100217
0.100217
0.100217
0.100217
0.100217
0.100217
0.100217
0.100217
0.100217
0.100217
0.100217
0.100217
0.100217
0.100217
0.100217
0.100217
0.100217
0.100217
0.100217
0.100217
0.100217
0.100217
0.100217
0.100217
0.100217
0.100217
0.100217
0.100217
0.100217
0.100217
0.100217
0.100217
0.100217
0.100217
0.100217
0.100217
0.100217
0.100217
0.100217
0.100217
0.100217
0.100217
0.100217
0.100217
0.100217
0.100217
0.100217
0.100217
0.100217
0.100217
0.100217
0.100217
0.100217
0.100217
0.100217
0.100217
0.100217
0.100217
0.100217
0.100217
0.100217
0.100217
0.100217
0.100217
0.100217
0.100217
0.100217
0.100217
0.100217
0.100217
0.100217
0.100217
0.100217
0.100217
0.100217
0.100217
0.100217
0.100217
0.100217
0.100217
0.100217
0.100217
0.100217
0.100217
0.100217
0.100217
0.100217
0.100217
0.100217
0.100217
0.100217
0.100217
0.100217
0.100217
0.100217
0.100217
0.100217
0.100217
0.100217
0.100217
0.100217
0.100217
0.100217
0.100217
0.100217
0.100217
0.100217
0.100217
0.100217
0.100217
0.100217
0.100217
0.100217
0.100217
0.100217
0.100217
0.100217
0.100217
0.100217
0.100217
0.100217
0.100217
0.100217
0.100217
0.100217
0.100217
0.100217
0.100217
0.100217
0.100217
0.100217
0.100217
0.100217
0.100217
0.100217
0.100217
0.100217
0.100217
0.100217
0.100217
0.100217
0.100217
0.100217
0.100217
0.100217
0.100217
0.100217
0.100217
0.100217
0.100217
0.100217
0.100217
0.100217
0.100217
0.100217
0.100217
0.100217
0.100217
0.100217
0.100217
0.100217
0.100217
0.100217
0.100217
0.100217
0.100217
0.100217
0.100217
0.100217
0.100217
0.100217
0.100217
0.100217
0.100217
0.100217
0.100217
0.100217
0.100217
0.100217
0.100217
0.100217
0.100217
0.100217
0.100217
0.100217
0.100217
0.100217
0.100217
0.100217
0.100217
0.100217
0.100217
0.100217
0.100217
0.100217
0.100217
0.100217
0.100217
0.100217
0.100217
0.100217
0.100217
0.100217
0.100217
0.100217
0.100217
0.100217
0.100217
0.100217
0.100217
0.100217
0.100217
0.100217
0.100217
0.100217
0.100217
0.100217
0.100217
0.100217
0.100217
0.100217
0.100217
0.100217
0.100217
0.100217
0.100217
0.100217
0.100217
0.100217
0.100217
0.100217
0.100217
0.100217
0.100217
0.100217
0.100217
0.100217
0.100217
0.100217
0.100217
0.100217
0.100217
0.100217
0.100217
0.100217
0.100217
0.100217
0.100217
0.100217
0.100217
0.100217
0.100217
0.100217
0.100217
0.100217
0.100217
0.100217
0.100217
0.100217
0.100217
0.100217
0.100217
0.100217
0.100217
0.100217
0.100217
0.100217
0.100217
0.100217
0.100217
0.100217
0.100217
0.100217
0.100217
0.100217
0.100217
0.100217
0.100217
0.100217
0.100217
0.100217
0.100217
0.100217
0.100217
0.100217
0.100217
0.100217
0.100217
0.100217
0.100217
0.100217
0.100217
0.100217
0.100217
0.100217
0.100217
0.100217
0.100217
0.100217
0.100217
0.100217
0.100217
0.100217
0.100217
0.100217
0.100217
0.100217
0.100217
0.100217
0.100217
0.100217
0.100217
0.100217
0.100217
0.100217
0.100217
0.100217
0.100217
0.100217
0.100217
0.100217
0.100217
0.100217
0.100217
0.100217
0.100217
0.100217
0.100217
0.100217
0.100217
0.100217
0.100217
0.100217
0.100217
0.100217
0.100217
0.100217
0.100217
0.100217
0.100217
0.100217
0.100217
0.100217
0.100217
0.100217
0.100217
0.100217
0.100217
0.100217
0.100217
0.100217
0.100217
0.100217
0.100217
0.100217
0.100217
0.100217
0.100217
0.100217
0.100217
0.100217
0.100217
0.100217
0.100217
0.100217
0.100217
0.100217
0.100217
0.100217
0.100217
0.100217
0.100217
0.100217
0.100217
0.100217
0.100217
0.100217
0.100217
0.100217
0.100217
0.100217
0.100217
0.100217
0.100217
0.100217
0.100217
0.100217
0.100217
0.100217
0.100217
0.100217
0.100217
0.100217
0.100217
0.100217
0.100217
0.100217
0.100217
0.100217
0.100217
0.100217
0.100217
0.100217
0.100217
0.100217
0.100217
0.100217
0.100217
0.100217
0.100217
0.100217
0.100217
0.100217
0.100217
0.100217
0.100217
0.100217
0.100217
0.100217
0.100217
0.100217
0.100217
0.100217
0.100217
0.100217
0.100217
0.100217
0.100217
0.100217
0.100217
0.100217
0.100217
0.100217
0.100217
0.100217
0.100217
0.100217
0.100217
0.100217
0.100217
0.100217
0.100217
0.100217
0.100217
0.100217
0.100217
0.100217
0.100217
0.100217
0.100217
0.100217
0.100217
0.100217
0.100217
0.100217
0.100217
0.100217
0.100217
0.100217
0.100217
0.100217
0.100217
0.100217
0.100217
0.100217
0.100217
0.100217
0.100217
0.100217
0.100217
0.100217
0.100217
0.100217
0.100217
0.100217
0.100217
0.100217
0.100217
0.100217
0.100217
0.100217
0.100217
0.100217
0.100217
0.100217
0.100217
0.100217
0.100217
0.100217
0.100217
0.100217
0.100217
0.100217
0.100217
0.100217
0.100217
0.100217
0.100217
0.100217
0.100217
0.100217
0.100217
0.100217
0.100217
0.100217
0.100217
0.100217
0.100217
0.100217
0.100217
0.100217
0.100217
0.100217
0.100217
0.100217
0.100217
0.100217
0.100217
0.100217
0.100217
0.100217
0.100217
0.100217
0.100217
0.100217
0.100217
0.100217
0.100217
0.100217
0.100217
0.100217
0.100217
0.100217
0.100217
0.100217
0.100217
0.100217
0.100217
0.100217
0.100217
0.100217
0.100217
0.100217
0.100217
0.100217
0.100217
0.100217
0.100217
0.100217
0.100217
0.100217
0.100217
0.100217
0.100217
0.100217
0.100217
0.100217
0.100217
0.100217
0.100217
0.100217
0.100217
0.100217
0.100217
0.100217
0.100217
0.100217
0.100217
0.100217
0.100217
0.100217
0.100217
0.100217
0.100217
0.100217
0.100217
0.100217
0.100217
0.100217
0.100217
0.100217
0.100217
0.100217
0.100217
0.100217
0.100217
0.100217
0.100217
0.100217
0.100217
0.100217
0.100217
0.100217
0.100217
0.100217
0.100217
0.100217
0.100217
0.100217
0.100217
0.100217
0.100217
0.100217
0.100217
0.100217
0.100217
0.100217
0.100217
0.100217
0.100217
0.100217
0.100217
0.100217
0.100217
0.100217
0.100217
0.100217
0.100217
0.100217
0.100217
0.100217
0.100217
0.100217
0.100217
0.100217
0.100217
0.100217
0.100217
0.100217
0.100217
0.100217
0.100217
0.100217
0.100217
0.100217
0.100217
0.100217
0.100217
0.100217
0.100217
0.100217
0.100217
0.100217
0.100217
0.100217
0.100217
0.100217
0.100217
0.100217
0.100217
0.100217
0.100217
0.100217
0.100217
0.100217
0.100217
0.100217
0.100217
0.100217
0.100217
0.100217
0.100217
0.100217
0.100217
0.100217
0.100217
0.100217
0.100217
0.100217
0.100217
0.100217
0.100217
0.100217
0.100217
0.100217
0.100217
0.100217
0.100217
0.100217
0.100217
0.100217
0.100217
0.100217
0.100217
0.100217
0.100217
0.100217
0.100217
0.100217
0.100217
0.100217
0.100217
0.100217
0.100217
0.100217
0.100217
0.100217
0.100217
0.100217
0.100217
0.100217
0.100217
0.100217
0.100217
0.100217
0.100217
0.100217
0.100217
0.100217
0.100217
0.100217
0.100217
0.100217
0.100217
0.100217
0.100217
0.100217
0.100217
0.100217
0.100217
0.100217
0.100217
0.100217
0.100217
0.100217
0.100217
0.100217
0.100217
0.100217
0.100217
0.100217
0.100217
0.100217
0.100217
0.100217
0.100217
0.100217
0.100217
0.100217
0.100217
0.100217
0.100217
0.100217
0.100217
0.100217
0.100217
0.100217
0.100217
0.100217
0.100217
0.100217
0.100217
0.100217
0.100217
0.100217
0.100217
0.100217
0.100217
0.100217
0.100217
0.100217
0.100217
0.100217
0.100217
0.100217
0.100217
0.100217
0.100217
0.100217
0.100217
0.100217
0.100217
0.100217
0.100217
0.100217
0.100217
0.100217
0.100217
0.100217
0.100217
0.100217
0.100217
0.100217
0.100217
0.100217
0.100217
0.100217
0.100217
0.100217
0.100219
0.100213
0.100218
0.100217
0.100217
0.100217
0.100217
0.100217
0.100217
0.100217
0.100217
0.100217
0.100217
0.100217
0.100217
0.100217
0.100217
0.100217
0.100217
0.100217
0.100217
0.100217
0.100217
0.100217
0.100217
0.100217
0.100217
0.100217
0.100217
0.100217
0.100217
0.100217
0.100217
0.100217
0.100217
0.100217
0.100217
0.100217
0.100217
0.100217
0.100217
0.100217
0.100217
0.100217
0.100217
0.100217
0.100217
0.100217
0.100217
0.100217
0.100217
0.100217
0.100217
0.100217
0.100217
0.100217
0.100217
0.100217
0.100217
0.100217
0.100217
0.100217
0.100217
0.100217
0.100217
0.100217
0.100217
0.100217
0.100217
0.100217
0.100217
0.100217
0.100217
0.100217
0.100217
0.100217
0.100217
0.100217
0.100217
0.100217
0.100217
0.100217
0.100217
0.100217
0.100217
0.100217
0.100217
0.100217
0.100217
0.100217
0.100217
0.100217
0.100217
0.100217
0.100217
0.100217
0.100217
0.100217
0.100217
0.100302
0.100209
0.100219
0.100217
0.100217
0.100217
0.100217
0.100217
0.100217
0.100217
0.100217
0.100217
0.100217
0.100217
0.100217
0.100217
0.100217
0.100217
0.100217
0.100217
0.100217
0.100217
0.100217
0.100217
0.100217
0.100217
0.100217
0.100217
0.100217
0.100217
0.100217
0.100217
0.100217
0.100217
0.100217
0.100217
0.100217
0.100217
0.100217
0.100217
0.100217
0.100217
0.100217
0.100217
0.100217
0.100217
0.100217
0.100217
0.100217
0.100217
0.100217
0.100217
0.100217
0.100217
0.100217
0.100217
0.100217
0.100217
0.100217
0.100217
0.100217
0.100217
0.100217
0.100217
0.100217
0.100217
0.100217
0.100217
0.100217
0.100217
0.100217
0.100217
0.100217
0.100217
0.100217
0.100217
0.100217
0.100217
0.100217
0.100217
0.100217
0.100217
0.100217
0.100217
0.100217
0.100217
0.100217
0.100217
0.100217
0.100217
0.100217
0.100217
0.100217
0.100217
0.100217
0.100217
0.100217
0.100217
0.100217
0.10045
0.100309
0.100218
0.100223
0.100217
0.100217
0.100217
0.100217
0.100217
0.100217
0.100217
0.100217
0.100217
0.100217
0.100217
0.100217
0.100217
0.100217
0.100217
0.100217
0.100217
0.100217
0.100217
0.100217
0.100217
0.100217
0.100217
0.100217
0.100217
0.100217
0.100217
0.100217
0.100217
0.100217
0.100217
0.100217
0.100217
0.100217
0.100217
0.100217
0.100217
0.100217
0.100217
0.100217
0.100217
0.100217
0.100217
0.100217
0.100217
0.100217
0.100217
0.100217
0.100217
0.100217
0.100217
0.100217
0.100217
0.100217
0.100217
0.100217
0.100217
0.100217
0.100217
0.100217
0.100217
0.100217
0.100217
0.100217
0.100217
0.100217
0.100217
0.100217
0.100217
0.100217
0.100217
0.100217
0.100217
0.100217
0.100217
0.100217
0.100217
0.100217
0.100217
0.100217
0.100217
0.100217
0.100217
0.100217
0.100217
0.100217
0.100217
0.100217
0.100217
0.100217
0.100217
0.100217
0.100217
0.100217
0.100217
0.0996039
0.10062
0.100217
0.100243
0.100221
0.100218
0.100217
0.100217
0.100217
0.100217
0.100217
0.100217
0.100217
0.100217
0.100217
0.100217
0.100217
0.100217
0.100217
0.100217
0.100217
0.100217
0.100217
0.100217
0.100217
0.100217
0.100217
0.100217
0.100217
0.100217
0.100217
0.100217
0.100217
0.100217
0.100217
0.100217
0.100217
0.100217
0.100217
0.100217
0.100217
0.100217
0.100217
0.100217
0.100217
0.100217
0.100217
0.100217
0.100217
0.100217
0.100217
0.100217
0.100217
0.100217
0.100217
0.100217
0.100217
0.100217
0.100217
0.100217
0.100217
0.100217
0.100217
0.100217
0.100217
0.100217
0.100217
0.100217
0.100217
0.100217
0.100217
0.100217
0.100217
0.100217
0.100217
0.100217
0.100217
0.100217
0.100217
0.100217
0.100217
0.100217
0.100217
0.100217
0.100217
0.100217
0.100217
0.100217
0.100217
0.100217
0.100217
0.100217
0.100217
0.100217
0.100217
0.100217
0.100217
0.100217
0.100217
0.0950409
0.100556
0.100122
0.100249
0.100231
0.100221
0.100218
0.100217
0.100217
0.100217
0.100217
0.100217
0.100217
0.100217
0.100217
0.100217
0.100217
0.100217
0.100217
0.100217
0.100217
0.100217
0.100217
0.100217
0.100217
0.100217
0.100217
0.100217
0.100217
0.100217
0.100217
0.100217
0.100217
0.100217
0.100217
0.100217
0.100217
0.100217
0.100217
0.100217
0.100217
0.100217
0.100217
0.100217
0.100217
0.100217
0.100217
0.100217
0.100217
0.100217
0.100217
0.100217
0.100217
0.100217
0.100217
0.100217
0.100217
0.100217
0.100217
0.100217
0.100217
0.100217
0.100217
0.100217
0.100217
0.100217
0.100217
0.100217
0.100217
0.100217
0.100217
0.100217
0.100217
0.100217
0.100217
0.100217
0.100217
0.100217
0.100217
0.100217
0.100217
0.100217
0.100217
0.100217
0.100217
0.100217
0.100217
0.100217
0.100217
0.100217
0.100217
0.100217
0.100217
0.100217
0.100217
0.100217
0.100217
0.100217
0.100217
0.084153
0.0983129
0.0994856
0.100094
0.100211
0.100224
0.10022
0.100218
0.100217
0.100217
0.100217
0.100217
0.100217
0.100217
0.100217
0.100217
0.100217
0.100217
0.100217
0.100217
0.100217
0.100217
0.100217
0.100217
0.100217
0.100217
0.100217
0.100217
0.100217
0.100217
0.100217
0.100217
0.100217
0.100217
0.100217
0.100217
0.100217
0.100217
0.100217
0.100217
0.100217
0.100217
0.100217
0.100217
0.100217
0.100217
0.100217
0.100217
0.100217
0.100217
0.100217
0.100217
0.100217
0.100217
0.100217
0.100217
0.100217
0.100217
0.100217
0.100217
0.100217
0.100217
0.100217
0.100217
0.100217
0.100217
0.100217
0.100217
0.100217
0.100217
0.100217
0.100217
0.100217
0.100217
0.100217
0.100217
0.100217
0.100217
0.100217
0.100217
0.100217
0.100217
0.100217
0.100217
0.100217
0.100217
0.100217
0.100217
0.100217
0.100217
0.100217
0.100217
0.100217
0.100217
0.100217
0.100217
0.100217
0.100217
0.100217
0.0676349
0.092064
0.0974143
0.099408
0.100034
0.100194
0.100219
0.100219
0.100218
0.100217
0.100217
0.100217
0.100217
0.100217
0.100217
0.100217
0.100217
0.100217
0.100217
0.100217
0.100217
0.100217
0.100217
0.100217
0.100217
0.100217
0.100217
0.100217
0.100217
0.100217
0.100217
0.100217
0.100217
0.100217
0.100217
0.100217
0.100217
0.100217
0.100217
0.100217
0.100217
0.100217
0.100217
0.100217
0.100217
0.100217
0.100217
0.100217
0.100217
0.100217
0.100217
0.100217
0.100217
0.100217
0.100217
0.100217
0.100217
0.100217
0.100217
0.100217
0.100217
0.100217
0.100217
0.100217
0.100217
0.100217
0.100217
0.100217
0.100217
0.100217
0.100217
0.100217
0.100217
0.100217
0.100217
0.100217
0.100217
0.100217
0.100217
0.100217
0.100217
0.100217
0.100217
0.100217
0.100217
0.100217
0.100217
0.100217
0.100217
0.100217
0.100217
0.100217
0.100217
0.100217
0.100217
0.100217
0.100217
0.100217
0.100217
0.0498991
0.0820239
0.0930892
0.09765
0.0994335
0.100036
0.100194
0.10022
0.100219
0.100218
0.100217
0.100217
0.100217
0.100217
0.100217
0.100217
0.100217
0.100217
0.100217
0.100217
0.100217
0.100217
0.100217
0.100217
0.100217
0.100217
0.100217
0.100217
0.100217
0.100217
0.100217
0.100217
0.100217
0.100217
0.100217
0.100217
0.100217
0.100217
0.100217
0.100217
0.100217
0.100217
0.100217
0.100217
0.100217
0.100217
0.100217
0.100217
0.100217
0.100217
0.100217
0.100217
0.100217
0.100217
0.100217
0.100217
0.100217
0.100217
0.100217
0.100217
0.100217
0.100217
0.100217
0.100217
0.100217
0.100217
0.100217
0.100217
0.100217
0.100217
0.100217
0.100217
0.100217
0.100217
0.100217
0.100217
0.100217
0.100217
0.100217
0.100217
0.100217
0.100217
0.100217
0.100217
0.100217
0.100217
0.100217
0.100217
0.100217
0.100217
0.100217
0.100217
0.100217
0.100217
0.100217
0.100217
0.100217
0.100217
0.100217
0.0368425
0.0699985
0.0863211
0.0943262
0.0980506
0.0995724
0.10008
0.100205
0.100222
0.10022
0.100218
0.100217
0.100217
0.100217
0.100217
0.100217
0.100217
0.100217
0.100217
0.100217
0.100217
0.100217
0.100217
0.100217
0.100217
0.100217
0.100217
0.100217
0.100217
0.100217
0.100217
0.100217
0.100217
0.100217
0.100217
0.100217
0.100217
0.100217
0.100217
0.100217
0.100217
0.100217
0.100217
0.100217
0.100217
0.100217
0.100217
0.100217
0.100217
0.100217
0.100217
0.100217
0.100217
0.100217
0.100217
0.100217
0.100217
0.100217
0.100217
0.100217
0.100217
0.100217
0.100217
0.100217
0.100217
0.100217
0.100217
0.100217
0.100217
0.100217
0.100217
0.100217
0.100217
0.100217
0.100217
0.100217
0.100217
0.100217
0.100217
0.100217
0.100217
0.100217
0.100217
0.100217
0.100217
0.100217
0.100217
0.100217
0.100217
0.100217
0.100217
0.100217
0.100217
0.100217
0.100217
0.100217
0.100217
0.100217
0.100217
0.0286877
0.0586559
0.0779597
0.0893676
0.0955994
0.0985738
0.0997601
0.100134
0.100217
0.100223
0.100219
0.100218
0.100217
0.100217
0.100217
0.100217
0.100217
0.100217
0.100217
0.100217
0.100217
0.100217
0.100217
0.100217
0.100217
0.100217
0.100217
0.100217
0.100217
0.100217
0.100217
0.100217
0.100217
0.100217
0.100217
0.100217
0.100217
0.100217
0.100217
0.100217
0.100217
0.100217
0.100217
0.100217
0.100217
0.100217
0.100217
0.100217
0.100217
0.100217
0.100217
0.100217
0.100217
0.100217
0.100217
0.100217
0.100217
0.100217
0.100217
0.100217
0.100217
0.100217
0.100217
0.100217
0.100217
0.100217
0.100217
0.100217
0.100217
0.100217
0.100217
0.100217
0.100217
0.100217
0.100217
0.100217
0.100217
0.100217
0.100217
0.100217
0.100217
0.100217
0.100217
0.100217
0.100217
0.100217
0.100217
0.100217
0.100217
0.100217
0.100217
0.100217
0.100217
0.100217
0.100217
0.100217
0.100217
0.100217
0.100217
0.0239212
0.0494108
0.0693744
0.083328
0.092103
0.0968926
0.0991023
0.0999376
0.10018
0.100224
0.100223
0.100219
0.100218
0.100217
0.100217
0.100217
0.100217
0.100217
0.100217
0.100217
0.100217
0.100217
0.100217
0.100217
0.100217
0.100217
0.100217
0.100217
0.100217
0.100217
0.100217
0.100217
0.100217
0.100217
0.100217
0.100217
0.100217
0.100217
0.100217
0.100217
0.100217
0.100217
0.100217
0.100217
0.100217
0.100217
0.100217
0.100217
0.100217
0.100217
0.100217
0.100217
0.100217
0.100217
0.100217
0.100217
0.100217
0.100217
0.100217
0.100217
0.100217
0.100217
0.100217
0.100217
0.100217
0.100217
0.100217
0.100217
0.100217
0.100217
0.100217
0.100217
0.100217
0.100217
0.100217
0.100217
0.100217
0.100217
0.100217
0.100217
0.100217
0.100217
0.100217
0.100217
0.100217
0.100217
0.100217
0.100217
0.100217
0.100217
0.100217
0.100217
0.100217
0.100217
0.100217
0.100217
0.100217
0.100217
0.100217
0.0211788
0.0424076
0.0616849
0.0770688
0.0879299
0.0945707
0.0980328
0.0995429
0.100073
0.10021
0.100227
0.100222
0.100218
0.100217
0.100217
0.100217
0.100217
0.100217
0.100217
0.100217
0.100217
0.100217
0.100217
0.100217
0.100217
0.100217
0.100217
0.100217
0.100217
0.100217
0.100217
0.100217
0.100217
0.100217
0.100217
0.100217
0.100217
0.100217
0.100217
0.100217
0.100217
0.100217
0.100217
0.100217
0.100217
0.100217
0.100217
0.100217
0.100217
0.100217
0.100217
0.100217
0.100217
0.100217
0.100217
0.100217
0.100217
0.100217
0.100217
0.100217
0.100217
0.100217
0.100217
0.100217
0.100217
0.100217
0.100217
0.100217
0.100217
0.100217
0.100217
0.100217
0.100217
0.100217
0.100217
0.100217
0.100217
0.100217
0.100217
0.100217
0.100217
0.100217
0.100217
0.100217
0.100217
0.100217
0.100217
0.100217
0.100217
0.100217
0.100217
0.100217
0.100217
0.100217
0.100217
0.100217
0.100217
0.100217
0.100217
0.0194218
0.0374276
0.0554773
0.0713329
0.0835971
0.0918326
0.0965858
0.0989143
0.0998595
0.10016
0.100224
0.100226
0.10022
0.100218
0.100217
0.100217
0.100217
0.100217
0.100217
0.100217
0.100217
0.100217
0.100217
0.100217
0.100217
0.100217
0.100217
0.100217
0.100217
0.100217
0.100217
0.100217
0.100217
0.100217
0.100217
0.100217
0.100217
0.100217
0.100217
0.100217
0.100217
0.100217
0.100217
0.100217
0.100217
0.100217
0.100217
0.100217
0.100217
0.100217
0.100217
0.100217
0.100217
0.100217
0.100217
0.100217
0.100217
0.100217
0.100217
0.100217
0.100217
0.100217
0.100217
0.100217
0.100217
0.100217
0.100217
0.100217
0.100217
0.100217
0.100217
0.100217
0.100217
0.100217
0.100217
0.100217
0.100217
0.100217
0.100217
0.100217
0.100217
0.100217
0.100217
0.100217
0.100217
0.100217
0.100217
0.100217
0.100217
0.100217
0.100217
0.100217
0.100217
0.100217
0.100217
0.100217
0.100217
0.100217
0.100217
0.018254
0.0340196
0.0508027
0.0665418
0.0795714
0.0889927
0.0948986
0.0980771
0.0995222
0.100058
0.100206
0.100228
0.100223
0.100219
0.100218
0.100217
0.100217
0.100217
0.100217
0.100217
0.100217
0.100217
0.100217
0.100217
0.100217
0.100217
0.100217
0.100217
0.100217
0.100217
0.100217
0.100217
0.100217
0.100217
0.100217
0.100217
0.100217
0.100217
0.100217
0.100217
0.100217
0.100217
0.100217
0.100217
0.100217
0.100217
0.100217
0.100217
0.100217
0.100217
0.100217
0.100217
0.100217
0.100217
0.100217
0.100217
0.100217
0.100217
0.100217
0.100217
0.100217
0.100217
0.100217
0.100217
0.100217
0.100217
0.100217
0.100217
0.100217
0.100217
0.100217
0.100217
0.100217
0.100217
0.100217
0.100217
0.100217
0.100217
0.100217
0.100217
0.100217
0.100217
0.100217
0.100217
0.100217
0.100217
0.100217
0.100217
0.100217
0.100217
0.100217
0.100217
0.100217
0.100217
0.100217
0.100217
0.100217
0.100217
0.100217
0.0174711
0.0317467
0.0474713
0.0628335
0.0761633
0.0863514
0.0931622
0.0971137
0.0990788
0.0998958
0.100165
0.100224
0.100226
0.100221
0.100218
0.100217
0.100217
0.100217
0.100217
0.100217
0.100217
0.100217
0.100217
0.100217
0.100217
0.100217
0.100217
0.100217
0.100217
0.100217
0.100217
0.100217
0.100217
0.100217
0.100217
0.100217
0.100217
0.100217
0.100217
0.100217
0.100217
0.100217
0.100217
0.100217
0.100217
0.100217
0.100217
0.100217
0.100217
0.100217
0.100217
0.100217
0.100217
0.100217
0.100217
0.100217
0.100217
0.100217
0.100217
0.100217
0.100217
0.100217
0.100217
0.100217
0.100217
0.100217
0.100217
0.100217
0.100217
0.100217
0.100217
0.100217
0.100217
0.100217
0.100217
0.100217
0.100217
0.100217
0.100217
0.100217
0.100217
0.100217
0.100217
0.100217
0.100217
0.100217
0.100217
0.100217
0.100217
0.100217
0.100217
0.100217
0.100217
0.100217
0.100217
0.100217
0.100217
0.100217
0.100217
0.0169722
0.0303276
0.0452737
0.0601952
0.0735335
0.0841296
0.0915638
0.0961375
0.0985775
0.0996853
0.100097
0.100211
0.100227
0.100223
0.100219
0.100218
0.100217
0.100217
0.100217
0.100217
0.100217
0.100217
0.100217
0.100217
0.100217
0.100217
0.100217
0.100217
0.100217
0.100217
0.100217
0.100217
0.100217
0.100217
0.100217
0.100217
0.100217
0.100217
0.100217
0.100217
0.100217
0.100217
0.100217
0.100217
0.100217
0.100217
0.100217
0.100217
0.100217
0.100217
0.100217
0.100217
0.100217
0.100217
0.100217
0.100217
0.100217
0.100217
0.100217
0.100217
0.100217
0.100217
0.100217
0.100217
0.100217
0.100217
0.100217
0.100217
0.100217
0.100217
0.100217
0.100217
0.100217
0.100217
0.100217
0.100217
0.100217
0.100217
0.100217
0.100217
0.100217
0.100217
0.100217
0.100217
0.100217
0.100217
0.100217
0.100217
0.100217
0.100217
0.100217
0.100217
0.100217
0.100217
0.100217
0.100217
0.100217
0.100217
0.100217
0.0167051
0.0295857
0.0440353
0.058555
0.0717314
0.0824616
0.0902547
0.0952642
0.0980849
0.0994543
0.100011
0.100188
0.100225
0.100224
0.10022
0.100218
0.100217
0.100217
0.100217
0.100217
0.100217
0.100217
0.100217
0.100217
0.100217
0.100217
0.100217
0.100217
0.100217
0.100217
0.100217
0.100217
0.100217
0.100217
0.100217
0.100217
0.100217
0.100217
0.100217
0.100217
0.100217
0.100217
0.100217
0.100217
0.100217
0.100217
0.100217
0.100217
0.100217
0.100217
0.100217
0.100217
0.100217
0.100217
0.100217
0.100217
0.100217
0.100217
0.100217
0.100217
0.100217
0.100217
0.100217
0.100217
0.100217
0.100217
0.100217
0.100217
0.100217
0.100217
0.100217
0.100217
0.100217
0.100217
0.100217
0.100217
0.100217
0.100217
0.100217
0.100217
0.100217
0.100217
0.100217
0.100217
0.100217
0.100217
0.100217
0.100217
0.100217
0.100217
0.100217
0.100217
0.100217
0.100217
0.100217
0.100217
0.100217
0.100217
0.100217
0.0166504
0.0294445
0.0436417
0.0578182
0.0707325
0.0813971
0.089324
0.0945819
0.0976636
0.0992363
0.0999189
0.100159
0.10022
0.100225
0.100221
0.100218
0.100217
0.100217
0.100217
0.100217
0.100217
0.100217
0.100217
0.100217
0.100217
0.100217
0.100217
0.100217
0.100217
0.100217
0.100217
0.100217
0.100217
0.100217
0.100217
0.100217
0.100217
0.100217
0.100217
0.100217
0.100217
0.100217
0.100217
0.100217
0.100217
0.100217
0.100217
0.100217
0.100217
0.100217
0.100217
0.100217
0.100217
0.100217
0.100217
0.100217
0.100217
0.100217
0.100217
0.100217
0.100217
0.100217
0.100217
0.100217
0.100217
0.100217
0.100217
0.100217
0.100217
0.100217
0.100217
0.100217
0.100217
0.100217
0.100217
0.100217
0.100217
0.100217
0.100217
0.100217
0.100217
0.100217
0.100217
0.100217
0.100217
0.100217
0.100217
0.100217
0.100217
0.100217
0.100217
0.100217
0.100217
0.100217
0.100217
0.100217
0.100217
0.100217
0.100217
0.0167567
0.0297265
0.0438307
0.0577495
0.0703988
0.0809041
0.0888083
0.0941523
0.097367
0.0990658
0.0998382
0.100129
0.100212
0.100224
0.100222
0.100219
0.100218
0.100217
0.100217
0.100217
0.100217
0.100217
0.100217
0.100217
0.100217
0.100217
0.100217
0.100217
0.100217
0.100217
0.100217
0.100217
0.100217
0.100217
0.100217
0.100217
0.100217
0.100217
0.100217
0.100217
0.100217
0.100217
0.100217
0.100217
0.100217
0.100217
0.100217
0.100217
0.100217
0.100217
0.100217
0.100217
0.100217
0.100217
0.100217
0.100217
0.100217
0.100217
0.100217
0.100217
0.100217
0.100217
0.100217
0.100217
0.100217
0.100217
0.100217
0.100217
0.100217
0.100217
0.100217
0.100217
0.100217
0.100217
0.100217
0.100217
0.100217
0.100217
0.100217
0.100217
0.100217
0.100217
0.100217
0.100217
0.100217
0.100217
0.100217
0.100217
0.100217
0.100217
0.100217
0.100217
0.100217
0.100217
0.100217
0.100217
0.100217
0.100217
0.100217
)
;

boundaryField
{
    back
    {
        type            empty;
    }
    top
    {
        type            calculated;
        value           nonuniform List<scalar> 
54
(
0.0166817
0.0164542
0.0163629
0.0163848
0.0165377
0.0168487
0.0173517
0.0182032
0.0196049
0.0218046
0.0262266
0.0353051
0.0478868
0.0633807
0.0806507
0.0945085
0.100049
0.100304
0.100106
0.0988576
0.0950279
0.0888396
0.0977223
0.100456
0.100206
0.100218
0.100217
0.100217
0.100217
0.100217
0.100217
0.100217
0.100217
0.100217
0.100217
0.100219
0.100302
0.10045
0.0996039
0.0950409
0.084153
0.0676349
0.0498991
0.0368425
0.0286877
0.0239212
0.0211788
0.0194218
0.018254
0.0174711
0.0169722
0.0167051
0.0166504
0.0167567
)
;
    }
    right
    {
        type            cyclicAMI;
        value           nonuniform List<scalar> 
99
(
0.0167192
0.0296626
0.0437846
0.0577275
0.0703699
0.0808436
0.0887197
0.0940574
0.0972878
0.0990126
0.0998092
0.100116
0.100208
0.100224
0.100222
0.100219
0.100218
0.100217
0.100217
0.100217
0.100217
0.100217
0.100217
0.100217
0.100217
0.100217
0.100217
0.100217
0.100217
0.100217
0.100217
0.100217
0.100217
0.100217
0.100217
0.100217
0.100217
0.100217
0.100217
0.100217
0.100217
0.100217
0.100217
0.100217
0.100217
0.100217
0.100217
0.100217
0.100217
0.100217
0.100217
0.100217
0.100217
0.100217
0.100217
0.100217
0.100217
0.100217
0.100217
0.100217
0.100217
0.100217
0.100217
0.100217
0.100217
0.100217
0.100217
0.100217
0.100217
0.100217
0.100217
0.100217
0.100217
0.100217
0.100217
0.100217
0.100217
0.100217
0.100217
0.100217
0.100217
0.100217
0.100217
0.100217
0.100217
0.100217
0.100217
0.100217
0.100217
0.100217
0.100217
0.100217
0.100217
0.100217
0.100217
0.100217
0.100217
0.100217
0.100217
)
;
    }
    bottom
    {
        type            calculated;
        value           uniform 0.100217;
    }
    left
    {
        type            cyclicAMI;
        value           nonuniform List<scalar> 
99
(
0.0167192
0.0296626
0.0437846
0.0577275
0.0703699
0.0808436
0.0887197
0.0940574
0.0972878
0.0990126
0.0998092
0.100116
0.100208
0.100224
0.100222
0.100219
0.100218
0.100217
0.100217
0.100217
0.100217
0.100217
0.100217
0.100217
0.100217
0.100217
0.100217
0.100217
0.100217
0.100217
0.100217
0.100217
0.100217
0.100217
0.100217
0.100217
0.100217
0.100217
0.100217
0.100217
0.100217
0.100217
0.100217
0.100217
0.100217
0.100217
0.100217
0.100217
0.100217
0.100217
0.100217
0.100217
0.100217
0.100217
0.100217
0.100217
0.100217
0.100217
0.100217
0.100217
0.100217
0.100217
0.100217
0.100217
0.100217
0.100217
0.100217
0.100217
0.100217
0.100217
0.100217
0.100217
0.100217
0.100217
0.100217
0.100217
0.100217
0.100217
0.100217
0.100217
0.100217
0.100217
0.100217
0.100217
0.100217
0.100217
0.100217
0.100217
0.100217
0.100217
0.100217
0.100217
0.100217
0.100217
0.100217
0.100217
0.100217
0.100217
0.100217
)
;
    }
    front
    {
        type            empty;
    }
}


// ************************************************************************* //
