/*--------------------------------*- C++ -*----------------------------------*\
  =========                 |
  \\      /  F ield         | OpenFOAM: The Open Source CFD Toolbox
   \\    /   O peration     | Website:  https://openfoam.org
    \\  /    A nd           | Version:  7
     \\/     M anipulation  |
\*---------------------------------------------------------------------------*/
FoamFile
{
    version     2.0;
    format      ascii;
    class       volScalarField;
    location    "1123200.0";
    object      percentClay;
}
// * * * * * * * * * * * * * * * * * * * * * * * * * * * * * * * * * * * * * //

dimensions      [0 0 0 0 0 0 0];

internalField   nonuniform List<scalar> 
5346
(
0.124306
0.0922907
0.0666863
0.0463879
0.030703
0.0191172
0.0110585
0.00585542
0.00278459
0.00115729
0.000401094
0.000104119
1.2538e-05
-5.10693e-06
-3.99917e-06
-1.39909e-06
-2.43822e-07
2.22735e-08
2.8039e-08
8.02728e-09
6.08023e-10
-3.38498e-10
-1.27333e-10
-1.27576e-11
3.6471e-12
1.37536e-12
1.03366e-13
-3.86996e-14
-1.03851e-14
-1.78609e-16
3.27572e-16
4.85487e-17
-3.91299e-18
-1.81063e-18
-8.64043e-20
3.69981e-20
5.4428e-21
-3.6731e-22
-1.45981e-22
-3.50036e-24
2.58239e-24
2.36082e-25
-3.08534e-26
-5.80031e-27
1.78188e-28
9.94063e-29
2.25003e-30
-1.32145e-30
-8.91603e-32
1.3874e-32
1.6947e-33
-1.09046e-34
-2.41483e-35
4.56801e-37
2.84449e-37
3.49249e-39
-2.8914e-39
-1.12313e-40
2.57488e-41
1.68193e-42
-2.01737e-43
-1.91882e-44
1.38959e-45
1.87521e-46
-8.27334e-48
-1.61985e-48
4.09182e-50
1.27253e-50
-1.45555e-52
-9.16491e-53
9.94178e-56
6.04124e-55
4.04056e-57
-3.68795e-57
-4.67249e-59
2.08029e-59
3.3578e-61
-1.08448e-61
-1.95845e-63
5.24769e-64
9.38594e-66
-2.33291e-66
-3.83332e-68
9.26555e-69
1.27384e-70
-3.26359e-71
-2.96351e-73
9.8746e-74
4.11872e-76
-2.51881e-76
3.83051e-79
5.25037e-79
-4.06587e-81
-7.99813e-82
1.03231e-83
7.68091e-85
-1.28135e-86
-3.20617e-88
4.94955e-90
0.124999
0.0933449
0.0675029
0.0468081
0.0308475
0.0191513
0.0110846
0.00590296
0.00284276
0.0012077
0.000434387
0.000121204
1.91471e-05
-3.43616e-06
-3.93396e-06
-1.57672e-06
-3.39007e-07
-1.73448e-09
2.74156e-08
9.93323e-09
1.31439e-09
-2.59802e-10
-1.53632e-10
-2.47225e-11
2.30532e-12
1.73013e-12
2.43464e-13
-2.9027e-14
-1.48091e-14
-1.27638e-15
3.32805e-16
8.80007e-17
9.07404e-19
-2.46625e-18
-2.98368e-19
3.337e-20
1.05706e-20
1.76554e-22
-2.18994e-22
-2.11033e-23
2.81262e-24
5.99997e-25
-1.17496e-26
-1.11749e-26
-4.55846e-28
1.535e-28
1.495e-29
-1.52256e-30
-2.81893e-31
8.35147e-33
4.03928e-33
5.24608e-35
-4.72447e-35
-2.26434e-36
4.62625e-37
3.93349e-38
-3.74926e-39
-5.06912e-40
2.39567e-41
5.45881e-42
-9.65985e-44
-5.14414e-44
-2.06719e-46
4.31372e-46
9.33485e-48
-3.26056e-48
-1.21962e-49
2.23861e-50
1.16431e-51
-1.4149e-52
-9.44136e-54
8.2202e-55
6.61702e-56
-4.42168e-57
-4.13913e-58
2.22326e-59
2.35167e-60
-1.03823e-61
-1.19453e-62
4.54393e-64
5.48386e-65
-1.86675e-66
-2.22013e-67
7.21021e-69
7.93135e-70
-2.5615e-71
-2.48935e-72
8.04339e-74
6.359e-75
-2.18804e-76
-1.2898e-77
4.94988e-79
1.99603e-80
-8.62157e-82
-1.94326e-83
1.01901e-84
9.20467e-87
-5.46164e-88
-2.95359e-91
0.125279
0.0938067
0.0680146
0.0471643
0.0309929
0.0191558
0.011043
0.0058735
0.00283923
0.00122003
0.00044929
0.000131635
2.42727e-05
-1.70247e-06
-3.63948e-06
-1.64691e-06
-4.10494e-07
-2.6908e-08
2.40725e-08
1.09913e-08
1.97467e-09
-1.29332e-10
-1.62847e-10
-3.59834e-11
5.61304e-14
1.85836e-12
3.9031e-13
-6.67391e-15
-1.7526e-14
-2.68601e-15
2.23977e-16
1.25088e-16
9.63563e-18
-2.606e-18
-5.83553e-19
6.85584e-21
1.57231e-20
1.34479e-21
-2.42509e-22
-5.0155e-23
1.08197e-24
1.08202e-24
5.57562e-26
-1.59703e-26
-1.97003e-27
1.49356e-28
3.98213e-29
-1.87533e-31
-5.96103e-31
-2.54704e-32
6.98374e-33
6.27663e-34
-6.31738e-35
-1.00331e-35
3.85932e-37
1.26585e-37
-2.14311e-40
-1.35051e-39
-3.58757e-41
1.24384e-41
6.5677e-43
-9.96968e-44
-8.07559e-45
6.94686e-46
8.11501e-47
-4.1565e-48
-7.01033e-49
2.0546e-50
5.37846e-51
-7.4512e-53
-3.71965e-53
9.11371e-56
2.35358e-55
1.43638e-57
-1.35511e-57
-1.64261e-59
7.11256e-60
1.16954e-61
-3.45515e-62
-6.32954e-64
1.51603e-64
2.85792e-66
-5.99146e-67
-1.00548e-68
2.14407e-69
2.75235e-71
-6.72568e-72
-5.48293e-74
1.77686e-74
5.21811e-77
-3.85369e-77
9.93121e-80
6.45275e-80
-5.52652e-82
-7.52941e-83
1.04785e-84
4.90749e-86
-8.13201e-88
-8.71834e-90
0.125211
0.0935131
0.0677428
0.0469565
0.0308066
0.0189727
0.0108822
0.00575881
0.00277578
0.00119521
0.000445007
0.000134223
2.71286e-05
-2.31361e-07
-3.18886e-06
-1.60263e-06
-4.44755e-07
-4.7702e-08
1.88922e-08
1.09816e-08
2.42819e-09
1.95198e-11
-1.52207e-10
-4.3389e-11
-2.51652e-12
1.69636e-12
4.98073e-13
2.3304e-14
-1.71576e-14
-3.97064e-15
3.67578e-18
1.43018e-16
2.02396e-17
-1.8655e-18
-8.40604e-19
-4.4712e-20
1.77701e-20
2.95959e-21
-1.46535e-22
-8.14166e-23
-3.71915e-24
1.40607e-24
1.80905e-25
-1.39241e-26
-4.25008e-27
-2.82525e-29
6.96337e-29
4.44674e-30
-8.35276e-31
-1.08969e-31
6.62346e-33
1.80596e-33
-8.7903e-36
-2.34565e-35
-8.12321e-37
2.48683e-37
1.80511e-38
-2.15276e-39
-2.59803e-40
1.45352e-41
2.99669e-42
-6.15765e-44
-2.9463e-44
-1.29303e-46
2.52217e-46
6.18193e-48
-1.92801e-48
-8.18874e-50
1.32728e-50
7.89507e-52
-8.23058e-53
-6.33195e-54
4.62307e-55
4.40957e-56
-2.38769e-57
-2.71336e-58
1.13676e-59
1.48785e-60
-5.02128e-62
-7.34679e-63
2.0904e-64
3.20689e-65
-8.26753e-67
-1.23945e-67
3.07463e-69
4.15949e-70
-1.06039e-71
-1.18606e-72
3.264e-74
2.76562e-75
-8.54328e-77
-4.98974e-78
1.77159e-79
6.56263e-81
-2.57064e-82
-5.42122e-84
2.21999e-85
1.67527e-87
-5.10376e-89
0.124743
0.0924629
0.0665957
0.0459799
0.0300696
0.0184481
0.0105251
0.00553252
0.00264832
0.00113464
0.000422588
0.000129039
2.74312e-05
7.53514e-07
-2.67218e-06
-1.45958e-06
-4.37031e-07
-5.98105e-08
1.32047e-08
9.9786e-09
2.57211e-09
1.45644e-10
-1.25851e-10
-4.49831e-11
-4.62303e-12
1.30283e-12
5.32275e-13
5.09322e-14
-1.37251e-14
-4.66032e-15
-2.56508e-16
1.32291e-16
2.87534e-17
-3.64353e-19
-9.48131e-19
-1.05523e-19
1.44995e-20
4.38645e-21
7.91538e-23
-9.83649e-23
-1.07335e-23
1.23931e-24
3.25281e-25
6.14291e-29
-6.23607e-27
-4.29978e-28
8.1973e-29
1.23615e-29
-6.06621e-31
-2.27258e-31
-2.94821e-33
3.14145e-33
1.91664e-34
-3.34283e-35
-3.9203e-36
2.5593e-37
5.71419e-38
-8.63981e-40
-6.73456e-40
-1.30198e-41
6.61953e-42
3.28021e-43
-5.5381e-44
-4.53661e-45
3.90863e-46
4.88123e-47
-2.23594e-48
-4.43231e-49
9.17303e-51
3.5151e-51
-9.73691e-54
-2.49029e-53
-2.787e-55
1.57843e-55
3.50268e-57
-9.07826e-58
-2.80918e-59
4.70252e-60
1.77179e-61
-2.21921e-62
-9.32625e-64
9.5095e-65
4.23477e-66
-3.69643e-67
-1.58305e-68
1.29681e-69
5.13586e-71
-3.92724e-72
-1.31845e-73
1.01385e-74
2.73057e-76
-2.10707e-77
-3.72014e-79
3.40915e-80
3.00679e-82
-3.63644e-83
-4.08594e-86
1.7867e-86
-5.40607e-89
0.1238
0.0905717
0.0645216
0.0441657
0.0286872
0.0174921
0.00991269
0.00516831
0.00245044
0.00103953
0.000384115
0.000117131
2.54085e-05
1.19332e-06
-2.16263e-06
-1.24796e-06
-3.92186e-07
-6.16508e-08
8.2393e-09
8.29221e-09
2.3979e-09
2.18317e-10
-9.23914e-11
-4.08086e-11
-5.66031e-12
8.23257e-13
4.87467e-13
6.67976e-14
-8.67475e-15
-4.53349e-15
-4.54823e-16
9.80767e-17
3.17516e-17
1.27595e-18
-8.55397e-19
-1.49299e-19
6.92164e-21
4.93414e-21
3.4704e-22
-8.90238e-23
-1.68631e-23
5.14332e-25
4.14026e-25
2.28667e-26
-6.55821e-27
-9.20255e-28
5.7122e-29
2.01332e-29
2.9469e-31
-3.1222e-31
-2.24563e-32
3.52045e-33
5.12126e-34
-2.43653e-35
-8.1114e-36
-4.46727e-38
1.00793e-37
4.64444e-39
-1.00625e-39
-8.98614e-41
7.88763e-42
1.20722e-42
-4.26334e-44
-1.31586e-44
3.54824e-47
1.21828e-46
2.75102e-48
-9.75515e-49
-4.40427e-50
6.77351e-51
4.63366e-52
-4.107e-53
-3.94664e-54
2.16402e-55
2.84965e-56
-9.71838e-58
-1.80318e-58
3.58733e-60
1.00845e-60
-9.93585e-63
-4.93178e-63
1.55113e-65
2.12716e-65
1.81484e-68
-8.13864e-68
-1.99013e-70
2.68919e-70
5.60192e-73
-7.61804e-73
-2.87818e-76
1.74008e-75
-4.58238e-78
-3.18472e-78
2.00364e-80
4.12547e-81
-3.77022e-83
-3.04922e-84
3.05297e-86
7.62551e-88
0.122299
0.0876959
0.0614243
0.0414682
0.0266313
0.0160791
0.0090247
0.00465613
0.00218107
0.000912736
0.000332533
0.000100186
2.16725e-05
1.18551e-06
-1.69799e-06
-1.00188e-06
-3.2222e-07
-5.46847e-08
4.66733e-09
6.32525e-09
1.98626e-09
2.29645e-10
-6.0558e-11
-3.26809e-11
-5.48897e-12
4.06274e-13
3.87155e-13
6.71862e-14
-3.92168e-15
-3.72949e-15
-5.23697e-16
5.62428e-17
2.85682e-17
2.35317e-18
-6.19597e-19
-1.57853e-19
-1.23419e-21
4.39052e-21
5.27529e-22
-5.87083e-23
-1.90475e-23
-4.14789e-25
3.972e-25
4.3129e-26
-4.82173e-27
-1.24013e-27
1.74924e-30
2.31052e-29
1.51156e-30
-3.00479e-31
-4.32909e-32
2.26954e-33
7.88157e-34
8.15085e-36
-1.08262e-35
-6.34511e-37
1.14158e-37
1.31456e-38
-8.56229e-40
-1.90257e-40
2.58211e-42
2.20289e-42
4.86244e-44
-2.11035e-44
-1.13483e-45
1.68324e-46
1.51615e-47
-1.09631e-48
-1.57047e-49
5.36452e-51
1.36879e-51
-1.24502e-53
-1.01962e-53
-9.69578e-56
6.67985e-56
1.64568e-57
-3.84691e-58
-1.46169e-59
1.96942e-60
9.84989e-62
-8.93326e-63
-5.42033e-64
3.62102e-65
2.49818e-66
-1.30289e-67
-9.81653e-69
4.11394e-70
3.24293e-71
-1.13983e-72
-8.57049e-74
2.70313e-75
1.78156e-76
-5.25533e-78
-2.68328e-79
7.62469e-81
2.52471e-82
-6.72566e-84
-9.61867e-86
2.18603e-87
0.119823
0.0833387
0.0570633
0.0378315
0.0239183
0.0142374
0.00788299
0.00401049
0.00185007
0.000761036
0.000272033
8.03129e-05
1.70272e-05
9.17583e-07
-1.28613e-06
-7.51842e-07
-2.4198e-07
-4.24658e-08
2.50717e-09
4.42949e-09
1.46552e-09
1.94013e-10
-3.57218e-11
-2.31711e-11
-4.43018e-12
1.33123e-13
2.68021e-13
5.52183e-14
-7.44572e-16
-2.61818e-15
-4.64745e-16
2.22357e-17
2.13682e-17
2.55244e-18
-3.55385e-19
-1.32704e-19
-6.37862e-21
3.14029e-21
5.48222e-22
-2.40851e-23
-1.66924e-23
-1.06374e-24
2.94571e-25
5.05548e-26
-2.09926e-27
-1.22813e-27
-5.27228e-29
1.9837e-29
2.37094e-30
-1.95268e-31
-5.33097e-32
-2.24687e-35
8.51643e-34
4.79784e-35
-1.00913e-35
-1.2017e-36
8.08453e-38
1.98103e-38
-1.5504e-40
-2.52401e-40
-8.44136e-42
2.59541e-42
1.90401e-43
-2.11634e-44
-2.68625e-45
1.25296e-46
2.96834e-47
-3.02555e-49
-2.73198e-49
-4.4884e-51
2.1435e-51
8.55288e-53
-1.44593e-53
-9.10423e-55
8.33744e-56
7.5816e-57
-4.04873e-58
-5.18846e-59
1.6081e-60
3.03357e-61
-4.83468e-63
-1.54566e-63
8.1147e-66
6.77132e-66
1.54096e-68
-2.53042e-68
-1.85573e-70
8.10041e-71
8.25353e-73
-2.15771e-73
-2.22493e-75
4.61746e-76
3.8858e-78
-7.69478e-79
-3.72652e-81
8.46973e-82
9.58933e-85
-4.90372e-85
1.01327e-87
0.115908
0.0770418
0.0512526
0.0332553
0.0206198
0.0120462
0.00654868
0.00327079
0.00147994
0.00059613
0.00020817
5.98523e-05
1.22798e-05
5.8065e-07
-9.23888e-07
-5.22183e-07
-1.65134e-07
-2.90177e-08
1.36416e-09
2.83266e-09
9.60158e-10
1.36936e-10
-1.91297e-11
-1.45064e-11
-3.02596e-12
3.19546e-15
1.61649e-13
3.78881e-14
6.65332e-16
-1.57108e-15
-3.33769e-16
2.86554e-18
1.33786e-17
2.05851e-18
-1.54244e-19
-9.08276e-20
-7.42421e-21
1.8074e-21
4.35211e-22
-1.81648e-25
-1.16025e-23
-1.19638e-24
1.66377e-25
4.36039e-26
1.23429e-28
-9.34302e-28
-7.7901e-29
1.27301e-29
2.43413e-30
-6.57636e-32
-4.78416e-32
-1.92754e-33
6.7693e-34
7.05759e-35
-6.52795e-36
-1.4021e-36
2.20246e-38
2.05268e-38
6.69149e-40
-2.35439e-40
-1.84979e-41
2.06987e-42
2.95354e-43
-1.21197e-44
-3.63133e-45
1.93857e-48
3.6476e-47
1.10357e-48
-3.05631e-49
-1.83288e-50
2.1254e-51
2.02746e-52
-1.19838e-53
-1.80131e-54
4.90893e-56
1.33281e-56
-8.21357e-59
-8.52033e-59
-8.32085e-61
4.69237e-61
1.0666e-62
-2.25641e-63
-7.57805e-65
9.42488e-66
3.94025e-67
-3.39909e-68
-1.6295e-69
1.03259e-70
5.36862e-72
-2.6844e-73
-1.41582e-74
5.6644e-76
2.74983e-77
-9.27489e-79
-3.73852e-80
1.06913e-81
3.00213e-83
-6.60725e-85
-8.14868e-87
0.110123
0.0687549
0.0440617
0.0278672
0.0168789
0.00963233
0.00511562
0.00249618
0.00110291
0.000433279
0.000147249
4.1049e-05
8.08804e-06
3.06532e-07
-6.13132e-07
-3.30536e-07
-1.01361e-07
-1.74164e-08
7.74103e-10
1.63338e-09
5.53586e-10
8.16326e-11
-9.33166e-12
-7.94389e-12
-1.75088e-12
-3.25222e-14
8.42585e-14
2.17706e-14
8.75176e-16
-8.00594e-16
-1.96638e-16
-3.94349e-18
6.98602e-18
1.30729e-18
-4.34694e-20
-5.08459e-20
-5.70667e-21
8.24351e-22
2.73248e-22
8.97703e-24
-6.45613e-24
-9.27189e-25
6.82436e-26
2.90615e-26
1.08805e-27
-5.5448e-28
-6.98458e-29
5.92325e-30
1.84595e-30
2.02257e-32
-3.27584e-32
-2.53552e-33
4.03257e-34
6.65801e-35
-2.58185e-36
-1.1736e-36
-2.40281e-38
1.56728e-38
1.09635e-39
-1.58847e-40
-2.13106e-41
1.06577e-42
2.99489e-43
-6.30205e-46
-3.36531e-45
-1.13628e-46
3.10486e-47
2.14447e-48
-2.32035e-49
-2.66186e-50
1.32079e-51
2.62308e-52
-4.23191e-54
-2.15283e-54
-1.58601e-56
1.50722e-56
4.00564e-58
-9.01963e-59
-3.98315e-60
4.64479e-61
2.87176e-62
-2.04871e-63
-1.65921e-64
7.68373e-66
7.98949e-67
-2.40648e-68
-3.15175e-69
6.2374e-71
1.00674e-71
-1.34421e-73
-2.60896e-74
2.43093e-76
5.20412e-77
-3.67941e-79
-7.34046e-80
4.64253e-82
6.14699e-83
-3.48205e-85
-1.58899e-86
0.0995733
0.05818
0.035799
0.0219726
0.0129294
0.00717163
0.00370342
0.00175749
0.000755123
0.000288279
9.50502e-05
2.56217e-05
4.83838e-06
1.4233e-07
-3.64047e-07
-1.86734e-07
-5.51177e-08
-9.11928e-09
4.29993e-10
8.30802e-10
2.76377e-10
4.09495e-11
-4.09077e-12
-3.73457e-12
-8.48725e-13
-2.72625e-14
3.72494e-14
1.0361e-14
5.95847e-16
-3.40028e-16
-9.44795e-17
-4.0359e-18
2.99091e-18
6.61134e-19
-1.3872e-21
-2.30291e-20
-3.27183e-21
2.83999e-22
1.36274e-22
8.41291e-24
-2.84444e-24
-5.40875e-25
1.67897e-26
1.51524e-26
1.04091e-27
-2.55356e-28
-4.51337e-29
1.74157e-30
1.06965e-30
4.56314e-32
-1.72261e-32
-2.02444e-33
1.74157e-34
4.56343e-35
-1.43317e-37
-7.38512e-37
-3.84318e-38
8.96071e-39
1.00316e-39
-7.58345e-41
-1.69233e-41
2.3019e-43
2.20717e-43
6.15771e-45
-2.30808e-45
-1.53279e-46
1.92574e-47
2.22847e-48
-1.19468e-49
-2.47882e-50
3.75204e-52
2.27955e-52
2.76822e-54
-1.76816e-54
-6.26684e-56
1.17208e-56
6.79585e-58
-6.57765e-59
-5.51283e-60
3.04843e-61
3.59368e-62
-1.12875e-63
-1.9628e-64
3.05878e-66
8.94505e-67
-4.23556e-69
-3.48147e-69
-1.00284e-71
1.1312e-71
8.62117e-74
-2.94625e-74
-2.84171e-76
5.89107e-77
5.38648e-79
-8.64098e-80
-6.66371e-82
7.30189e-83
2.7915e-85
-2.04857e-86
0.0811535
0.0453019
0.0267568
0.0158974
0.00905239
0.00486029
0.00242993
0.00111651
0.000464511
0.000171743
5.49024e-05
1.43775e-05
2.63289e-06
7.51181e-08
-1.84938e-07
-9.14538e-08
-2.59821e-08
-4.11797e-09
2.0623e-10
3.6012e-10
1.16236e-10
1.69869e-11
-1.54048e-12
-1.4564e-12
-3.35422e-13
-1.41518e-14
1.34292e-14
3.9635e-15
2.85643e-16
-1.15265e-16
-3.60007e-17
-2.26537e-18
1.00576e-18
2.61507e-19
6.52387e-21
-8.14203e-21
-1.42662e-21
6.31499e-23
5.28203e-23
4.78529e-24
-9.48501e-25
-2.40498e-25
-7.49335e-28
6.09485e-27
6.15697e-28
-8.75679e-29
-2.18991e-29
7.78049e-32
4.73715e-31
3.50125e-32
-6.81203e-33
-1.14646e-33
4.83128e-35
2.3461e-35
6.17958e-37
-3.50856e-37
-2.96802e-38
3.79943e-39
6.37315e-40
-2.29124e-41
-9.85667e-42
-1.41337e-43
1.20397e-43
6.75328e-45
-1.16918e-45
-1.21358e-46
8.52545e-48
1.58337e-48
-3.4978e-50
-1.66067e-50
-1.6285e-52
1.45407e-52
5.27819e-54
-1.07068e-54
-6.74191e-56
6.56472e-57
6.29667e-58
-3.27371e-59
-4.6905e-60
1.23249e-61
2.94079e-62
-2.50226e-64
-1.54999e-64
-6.66657e-67
7.01744e-67
9.62107e-69
-2.65587e-69
-5.49754e-71
8.46086e-72
2.10979e-73
-2.18824e-74
-5.72293e-76
4.37627e-77
1.10106e-78
-6.28855e-80
-1.20982e-81
5.61335e-83
7.26502e-85
-1.82933e-86
0.0602605
0.0305813
0.017673
0.0102027
0.00561347
0.00291137
0.0014051
0.000622674
0.000249613
8.88425e-05
2.73232e-05
6.87686e-06
1.20192e-06
2.76016e-08
-8.04874e-08
-3.77155e-08
-1.02259e-08
-1.5594e-09
7.17849e-11
1.24929e-10
3.90481e-11
5.58956e-12
-4.47247e-13
-4.38626e-13
-1.01516e-13
-5.28235e-15
3.60369e-15
1.13253e-15
9.95451e-17
-2.78327e-17
-1.00882e-17
-8.71037e-19
2.35458e-19
7.5762e-20
4.20161e-21
-2.02889e-21
-4.55726e-22
1.31298e-24
1.47933e-23
1.88924e-24
-2.07327e-25
-7.84815e-26
-3.00621e-27
1.77093e-27
2.55017e-28
-1.93392e-29
-7.8309e-30
-2.35375e-31
1.53402e-31
1.71488e-32
-1.87051e-33
-4.73314e-34
3.28065e-36
8.92879e-36
5.00046e-37
-1.22495e-37
-1.52795e-38
1.11031e-39
2.92809e-40
-1.71709e-42
-4.2391e-42
-1.70788e-43
4.85701e-44
4.21755e-45
-4.26874e-46
-6.62076e-47
2.43607e-48
8.09562e-49
1.42685e-51
-8.1265e-51
-2.58884e-52
6.76795e-53
4.1332e-54
-4.70905e-55
-4.48781e-56
2.6086e-57
3.88334e-58
-1.05501e-59
-2.79777e-60
1.83796e-62
1.70188e-62
1.45408e-64
-8.82526e-65
-1.82639e-66
3.88721e-67
1.18208e-68
-1.44449e-69
-5.49748e-71
4.50311e-72
1.9442e-73
-1.14608e-74
-5.12718e-76
2.32671e-77
9.71439e-79
-3.40342e-80
-1.18928e-81
3.07989e-83
6.31839e-85
-9.85093e-87
0.0390891
0.0163639
0.0098898
0.00554555
0.00295348
0.00148163
0.000689529
0.000293782
0.000112858
3.83515e-05
1.12079e-05
2.65542e-06
4.2225e-07
-1.44883e-09
-3.06097e-08
-1.28177e-08
-3.19336e-09
-4.46857e-10
2.29252e-11
3.27435e-11
9.46951e-12
1.27831e-12
-8.40509e-14
-8.46648e-14
-1.9433e-14
-1.36311e-15
5.09956e-16
1.86997e-16
2.28988e-17
-2.68873e-18
-1.56612e-18
-2.21595e-19
1.91445e-20
1.25351e-20
1.52391e-21
-2.14512e-22
-9.02395e-23
-6.02195e-24
2.22683e-24
4.95932e-25
-8.09877e-27
-1.6077e-26
-1.56819e-27
2.85786e-28
7.13337e-29
-6.17867e-31
-1.84631e-30
-1.44805e-31
3.07931e-32
5.67453e-33
-2.39451e-34
-1.3471e-34
-4.41767e-36
2.30089e-36
2.25081e-37
-2.75353e-38
-5.42648e-39
1.57807e-40
9.46897e-41
2.32386e-42
-1.28234e-42
-9.19756e-44
1.35069e-44
1.77668e-45
-9.98528e-47
-2.55143e-47
2.40574e-49
2.94801e-49
7.22781e-51
-2.828e-51
-1.56925e-52
2.23863e-53
2.04674e-54
-1.43033e-55
-2.04517e-56
6.66791e-58
1.68175e-58
-1.38427e-60
-1.17999e-60
-1.17323e-62
7.04262e-63
1.72211e-64
-3.5625e-65
-1.30155e-66
1.54898e-67
7.27711e-69
-5.65675e-70
-3.16937e-71
1.6934e-72
1.07952e-73
-4.24914e-75
-2.80974e-76
8.61196e-78
5.4454e-79
-1.25941e-80
-6.74805e-82
1.21757e-83
3.99573e-85
-4.03482e-87
0.0192606
0.00598296
0.00449559
0.0023628
0.00124125
0.000604651
0.00027145
0.000110752
4.04096e-05
1.29149e-05
3.49895e-06
7.45108e-07
9.40828e-08
-8.92886e-09
-9.62702e-09
-3.23097e-09
-6.65737e-10
-7.13462e-11
6.84589e-12
4.7335e-12
9.65957e-13
8.83359e-14
9.21734e-16
8.14734e-16
2.8079e-16
-1.69118e-16
-1.01275e-16
-1.77547e-17
1.71126e-18
1.37343e-18
2.0205e-19
-2.46107e-20
-1.30153e-20
-1.11957e-21
3.29435e-22
8.65676e-23
-2.15785e-25
-2.92445e-24
-3.22895e-25
5.74337e-26
1.54231e-26
-2.57919e-28
-4.59653e-28
-3.1004e-29
9.8698e-30
1.54597e-30
-1.38193e-31
-4.74947e-32
7.2442e-35
1.09919e-33
6.69337e-35
-1.96726e-35
-2.54234e-36
2.50345e-37
6.28573e-38
-1.35118e-39
-1.19394e-39
-3.60103e-41
1.81288e-41
1.41159e-42
-2.16218e-43
-3.0181e-44
1.8282e-45
4.85694e-46
-5.53623e-48
-6.34361e-48
-1.53213e-49
6.87532e-50
3.88474e-51
-6.17911e-52
-5.77841e-53
4.44865e-54
6.59789e-55
-2.34719e-56
-6.22535e-57
5.53235e-59
4.90743e-59
5.60534e-61
-3.34208e-61
-9.47665e-63
1.9487e-63
8.39838e-65
-9.59707e-66
-5.51748e-67
4.07545e-68
2.86959e-69
-1.44495e-70
-1.19316e-71
4.15752e-73
4.03368e-74
-1.00677e-75
-1.03793e-76
1.97114e-78
1.98773e-79
-2.92522e-81
-2.54769e-82
2.93998e-84
1.51358e-85
-9.61822e-88
0.00533484
0.00123229
0.00149877
0.000675585
0.000378294
0.000177533
7.69938e-05
2.96502e-05
9.99399e-06
2.86027e-06
6.56139e-07
1.00756e-07
8.61941e-12
-5.80205e-09
-2.02122e-09
-3.48908e-10
-7.45391e-12
1.04779e-11
1.04108e-12
-1.0243e-12
-4.83253e-13
-7.98607e-14
1.10285e-14
9.11979e-15
2.00939e-15
2.38204e-17
-1.02575e-16
-2.62003e-17
-1.13219e-18
9.38418e-19
2.39437e-19
7.5011e-21
-7.99745e-21
-1.64446e-21
2.12457e-23
5.95835e-23
7.86894e-24
-8.20476e-25
-3.4449e-25
-1.74154e-26
7.71692e-27
1.29374e-27
-6.95542e-29
-3.8895e-29
-1.81803e-30
7.4269e-31
9.93133e-32
-8.4578e-33
-2.63847e-33
-7.10881e-36
5.01902e-35
3.00086e-36
-7.33847e-37
-8.8791e-38
8.10509e-39
1.79013e-39
-5.45659e-41
-2.96067e-41
-2.44846e-43
4.23494e-43
1.63999e-44
-5.35753e-45
-3.7545e-46
6.03409e-47
6.38225e-48
-5.84241e-49
-9.08719e-50
4.70379e-51
1.12008e-51
-2.60331e-53
-1.22406e-53
2.96251e-57
1.16587e-55
2.32035e-57
-9.99249e-58
-3.63267e-59
7.23995e-60
3.93701e-61
-4.62255e-62
-3.3756e-63
2.55171e-64
2.36008e-65
-1.16543e-66
-1.37627e-67
4.54703e-69
6.7116e-70
-1.46072e-71
-2.68e-72
3.51738e-74
8.81973e-75
-6.96589e-77
-2.30318e-77
1.09767e-79
4.2652e-80
-1.707e-82
-5.64775e-83
2.21748e-85
3.40382e-86
-2.77252e-89
0.000154293
0.0001277
0.000230245
8.13692e-05
6.32227e-05
2.59289e-05
1.07879e-05
3.41747e-06
8.0963e-07
7.97072e-08
-4.07986e-08
-2.86057e-08
-9.85063e-09
-1.82488e-09
5.82271e-11
1.75613e-10
6.49163e-11
1.12175e-11
-6.77506e-13
-1.0735e-12
-3.32334e-13
-4.17714e-14
6.95853e-15
4.48039e-15
8.94274e-16
9.59527e-18
-4.12854e-17
-1.04172e-17
-5.45156e-19
3.28576e-19
9.04817e-20
4.71163e-21
-2.59041e-21
-6.33565e-22
-1.41634e-23
1.95783e-23
3.44413e-24
-1.35614e-25
-1.2561e-25
-1.2108e-26
2.16003e-27
5.87141e-28
6.4209e-30
-1.45376e-29
-1.59856e-30
1.99056e-31
5.48581e-32
2.08737e-34
-1.16232e-33
-9.43025e-35
1.64197e-35
2.95637e-36
-1.08722e-37
-5.98167e-38
-1.73359e-39
8.96325e-40
7.66393e-41
-9.89737e-42
-1.63778e-42
6.5592e-44
2.54423e-44
2.17881e-46
-3.18579e-46
-1.48545e-47
3.24875e-48
2.83215e-49
-2.65335e-50
-3.78917e-51
1.57146e-52
4.12034e-53
-4.08975e-55
-3.76483e-55
-5.50546e-57
3.0017e-57
9.56661e-59
-2.04099e-59
-1.0358e-60
1.22669e-61
8.4115e-63
-6.55663e-64
-5.53558e-65
3.07601e-66
3.11176e-67
-1.26382e-68
-1.50125e-69
4.62137e-71
5.99929e-72
-1.4484e-73
-2.00038e-74
3.82671e-76
5.57786e-77
-1.1307e-78
-1.19505e-79
1.52686e-81
1.72332e-82
-2.73396e-84
-1.50896e-85
1.81397e-87
8.58134e-89
-7.9315e-05
-2.69803e-05
-3.47043e-05
-1.82268e-05
-6.59942e-06
-5.13798e-06
-2.39751e-06
-1.32693e-06
-6.03212e-07
-2.42746e-07
-8.15018e-08
-2.18529e-08
-3.91816e-09
-4.5287e-11
2.82149e-10
1.23475e-10
3.00199e-11
3.33695e-12
-6.75468e-13
-4.39313e-13
-1.0616e-13
-9.18336e-15
2.81322e-15
1.26088e-15
2.08388e-16
-3.70282e-18
-1.01456e-17
-2.2732e-18
-1.01123e-19
6.97732e-20
1.88443e-20
1.15612e-21
-4.85485e-22
-1.33702e-22
-6.38378e-24
3.62219e-24
8.04104e-25
2.12323e-27
-2.57116e-26
-3.57793e-27
3.17263e-28
1.43442e-28
7.60689e-30
-3.07558e-30
-5.18966e-31
2.68627e-32
1.51891e-32
7.15493e-34
-2.83617e-34
-3.86038e-35
3.04571e-36
1.00716e-36
1.0329e-38
-1.83445e-38
-1.35244e-39
2.4081e-40
3.66775e-41
-1.90482e-42
-6.77557e-43
-5.09345e-45
9.58734e-45
5.1472e-46
-1.07032e-46
-1.11713e-47
8.93225e-49
1.68782e-49
-4.20067e-51
-2.01707e-51
-2.20744e-53
1.99865e-53
8.13462e-55
-1.64112e-55
-1.18573e-56
1.1202e-57
1.23692e-58
-5.95481e-60
-1.0488e-60
2.12636e-62
7.50512e-63
-7.12123e-66
-4.54734e-65
-6.10598e-67
2.3386e-67
5.98089e-69
-1.04023e-69
-3.58986e-71
3.86221e-72
1.62063e-73
-1.17567e-74
-5.76104e-76
3.03783e-77
1.449e-78
-6.17477e-80
-2.94914e-81
9.04765e-83
3.60188e-84
-8.50438e-86
-2.08652e-87
4.23814e-89
0.000102687
-7.99005e-05
7.22497e-06
-1.36689e-05
-6.61398e-06
-4.08583e-06
-1.8771e-06
-8.56537e-07
-3.2253e-07
-1.07828e-07
-2.93243e-08
-5.91007e-09
-4.63664e-10
2.35871e-10
1.33018e-10
3.84288e-11
6.47176e-12
1.44676e-13
-2.96913e-13
-1.00751e-13
-1.52754e-14
2.90508e-16
7.00896e-16
1.5452e-16
9.35801e-18
-3.00456e-18
-8.40811e-19
-7.53488e-20
5.07845e-21
2.10906e-21
3.99539e-22
9.43353e-23
9.59081e-24
-4.11842e-24
-1.52842e-24
-7.91402e-26
5.67208e-26
1.18444e-26
-5.94324e-28
-5.14065e-28
-4.05066e-29
1.26013e-29
2.60769e-30
-1.21229e-31
-8.70676e-32
-4.43985e-33
1.9362e-33
2.72326e-34
-2.60041e-35
-8.39399e-36
-9.7238e-39
1.82583e-37
1.2196e-38
-2.90607e-39
-4.12119e-40
3.04017e-41
9.03867e-42
-3.97952e-44
-1.51763e-43
-6.77999e-45
1.99775e-45
1.90596e-46
-2.0014e-47
-3.4237e-48
1.25729e-49
4.77692e-50
2.09843e-52
-5.45174e-52
-2.02987e-53
5.17331e-54
3.62005e-55
-4.00208e-56
-4.46973e-57
2.42904e-58
4.40991e-59
-9.71632e-61
-3.59413e-61
-1.22391e-64
2.51181e-63
4.50428e-65
-1.49786e-65
-4.86237e-67
7.52828e-68
3.46491e-69
-3.2801e-70
-1.87861e-71
1.18865e-72
8.02001e-74
-3.50028e-75
-2.76284e-76
8.75952e-78
7.1409e-79
-1.71639e-80
-1.38587e-81
2.51053e-83
1.7757e-84
-2.45774e-86
-1.05264e-87
1.04302e-89
0.00125665
-0.000307542
5.37756e-05
-1.08795e-05
-3.29227e-07
-1.19665e-06
-4.81535e-07
-2.18188e-07
-7.24714e-08
-2.08273e-08
-4.0763e-09
-2.60911e-10
2.16998e-10
1.10786e-10
3.00708e-11
4.47799e-12
-1.39575e-13
-2.59373e-13
-6.35304e-14
-2.254e-15
3.05514e-15
8.57552e-16
2.15301e-17
-4.70755e-17
-1.29504e-17
-5.0012e-19
5.63537e-19
1.51313e-19
6.14037e-21
-5.497e-21
-1.32718e-21
-2.17625e-23
4.74577e-23
8.64139e-24
-3.25283e-25
-3.40404e-25
-3.71635e-26
5.72428e-27
1.82943e-27
4.90253e-29
-4.52788e-29
-5.98538e-30
5.71019e-31
1.98938e-31
3.6015e-33
-4.20499e-33
-3.93627e-34
6.09696e-35
1.19353e-35
-4.7725e-37
-2.52977e-37
-3.89535e-39
4.34513e-39
2.53354e-40
-6.41961e-41
-6.55983e-42
8.31029e-43
1.33792e-43
-8.98725e-45
-2.36326e-45
6.7772e-47
3.71836e-47
1.41044e-49
-5.19704e-49
-1.71738e-50
6.29443e-51
3.93882e-52
-6.56117e-53
-6.31076e-54
5.67929e-55
8.21682e-56
-3.79413e-57
-8.86839e-58
1.48174e-59
8.33515e-60
3.94496e-62
-6.54282e-62
-1.52416e-63
4.49186e-64
1.78669e-65
-2.64879e-66
-1.46129e-67
1.30972e-68
9.33627e-70
-5.57163e-71
-4.85411e-72
1.98359e-73
2.01987e-74
-5.57163e-76
-6.87144e-77
1.31233e-78
1.82384e-79
-2.43129e-81
-3.4415e-82
3.57592e-84
4.58928e-85
-3.69044e-87
-2.76186e-88
3.09317e-91
0.00485426
-0.000487026
6.275e-05
-9.01527e-06
1.26338e-06
-2.70131e-07
-9.68983e-09
-1.55742e-08
-7.75238e-10
8.73868e-10
8.65283e-10
3.7505e-10
1.13206e-10
1.91352e-11
-4.88228e-13
-1.61354e-12
-5.71539e-13
-9.30897e-14
5.79522e-15
8.30475e-15
2.35381e-15
2.25233e-16
-6.97591e-17
-3.23856e-17
-5.12302e-18
3.00466e-19
3.18362e-19
6.11459e-20
-2.11716e-22
-2.62716e-21
-5.27222e-22
3.18493e-25
1.99678e-23
3.51293e-24
-1.12799e-25
-1.37592e-25
-1.72494e-26
1.89298e-27
7.90554e-28
4.63266e-29
-1.69585e-29
-3.25846e-30
8.97634e-32
9.30786e-32
7.09746e-33
-1.54066e-33
-3.02342e-34
8.10452e-36
7.09627e-36
3.88612e-37
-1.11987e-37
-1.52425e-38
1.0317e-39
3.35187e-40
2.81541e-42
-5.3337e-42
-3.369e-43
6.37613e-44
8.10932e-45
-5.22488e-46
-1.32034e-46
1.19087e-48
1.71085e-48
4.90801e-50
-1.81478e-50
-1.1547e-51
1.58628e-52
1.63063e-53
-1.10494e-54
-1.81813e-55
5.90814e-57
1.68675e-57
-1.421e-59
-1.38764e-59
-5.99762e-62
9.77626e-62
1.69352e-63
-6.41963e-64
-1.57489e-65
3.885e-66
1.06151e-67
-2.17459e-68
-6.30068e-70
1.0925e-70
3.24049e-72
-5.01505e-73
-1.33683e-74
1.91285e-75
5.10186e-77
-6.2321e-78
-1.55114e-79
1.81817e-80
3.53646e-82
-3.11227e-83
-5.24779e-85
4.74629e-86
4.23489e-88
-3.00154e-89
-9.50482e-91
0.010865
-0.000460279
4.24245e-05
-5.18572e-06
8.08331e-07
-8.32492e-08
3.90202e-08
7.62659e-09
4.95938e-09
1.68454e-09
5.59793e-10
1.28902e-10
1.60058e-11
-3.72718e-12
-2.81369e-12
-9.22909e-13
-1.69591e-13
-3.59016e-15
9.18944e-15
3.38106e-15
5.56749e-16
-1.46661e-17
-3.30761e-17
-8.43468e-18
-6.60843e-19
2.15879e-19
8.11117e-20
9.88548e-21
-1.08471e-21
-6.29029e-22
-8.98437e-23
5.52502e-24
4.38733e-24
6.25209e-25
-4.19822e-26
-2.88713e-26
-3.35954e-27
4.24193e-28
1.71183e-28
1.10034e-29
-3.69132e-30
-7.89973e-31
9.01443e-33
2.25701e-32
2.20539e-33
-3.46884e-34
-8.77728e-35
7.66774e-38
1.99808e-36
1.66803e-37
-2.91238e-38
-5.60018e-39
1.67096e-40
1.17473e-40
4.69528e-42
-1.77356e-42
-1.84897e-43
1.83851e-44
3.91163e-45
-7.62738e-47
-6.03429e-47
-1.83158e-48
7.32738e-49
5.52956e-50
-6.86189e-51
-9.36301e-52
4.42277e-53
1.19132e-53
-5.95883e-56
-1.23809e-55
-3.21019e-57
1.05987e-57
5.89112e-59
-7.60815e-60
-6.61691e-61
4.3236e-62
5.88121e-63
-1.86158e-64
-4.31292e-65
4.29456e-67
2.65208e-67
1.5034e-69
-1.37694e-69
-2.51013e-71
6.19896e-72
1.67073e-73
-2.31231e-74
-8.00693e-76
7.15588e-77
2.91516e-78
-1.86255e-79
-7.15707e-81
3.75138e-82
1.50777e-83
-5.53201e-85
-1.78997e-86
5.14324e-88
1.02946e-89
-4.75366e-91
0.00231393
-4.03744e-05
8.19996e-07
2.948e-08
5.13068e-08
-2.35693e-09
1.24468e-08
2.79288e-09
1.60257e-09
4.19088e-10
1.04266e-10
8.43248e-12
-4.66277e-12
-2.97201e-12
-9.16462e-13
-1.74839e-13
-6.95537e-15
7.68613e-15
2.9828e-15
5.26588e-16
-2.99002e-18
-2.657e-17
-6.70776e-18
-4.42534e-19
1.85764e-19
5.80817e-20
4.69559e-21
-1.22819e-21
-3.96582e-22
-2.9095e-23
7.64718e-24
2.07174e-24
1.08739e-25
-3.49515e-26
-7.44984e-27
-4.64921e-28
4.54492e-29
2.1397e-29
5.63438e-30
5.66617e-31
-1.64508e-31
-5.65204e-32
-2.00438e-33
1.8171e-33
2.89931e-34
-2.52183e-35
-1.11846e-35
-3.84856e-37
2.59512e-37
3.22906e-38
-3.61105e-39
-1.01688e-39
4.00089e-42
2.14926e-41
1.35258e-42
-3.26395e-43
-4.42909e-44
3.15245e-45
9.22664e-46
-2.67875e-48
-1.44012e-47
-6.62132e-49
1.75613e-49
1.68716e-50
-1.60434e-51
-2.78522e-52
8.87589e-54
3.56719e-54
2.55339e-56
-3.7445e-56
-1.44786e-57
3.22764e-58
2.29631e-59
-2.2837e-60
-2.54765e-61
1.2386e-62
2.25133e-63
-4.32931e-65
-1.6692e-65
-2.24869e-68
1.04241e-67
1.7868e-69
-5.45563e-70
-1.66316e-71
2.46549e-72
1.01355e-73
-9.25601e-75
-4.63678e-76
2.83188e-77
1.68082e-78
-7.26284e-80
-4.40221e-81
1.4294e-82
8.8727e-84
-2.12552e-85
-1.14744e-86
2.00226e-88
6.88475e-90
-1.2274e-91
-0.000218973
1.36447e-05
-1.12271e-06
1.39291e-07
-2.56667e-08
6.30243e-09
6.40698e-10
3.80541e-10
1.49321e-10
7.93776e-12
-7.04581e-12
-6.75561e-12
-2.56544e-12
-6.41939e-13
-7.52552e-14
1.40512e-14
1.05364e-14
2.66844e-15
2.48724e-16
-8.87655e-17
-4.27193e-17
-7.01467e-18
4.59641e-19
5.04917e-19
1.049e-19
3.1313e-22
-4.90587e-21
-1.10631e-21
-2.2836e-23
4.16602e-23
8.95345e-24
4.09022e-26
-3.22299e-25
-5.47598e-26
2.31866e-27
2.12491e-27
2.28582e-28
-3.33076e-29
-1.08131e-29
-3.6398e-31
2.45984e-31
3.51134e-32
-2.46769e-33
-1.04179e-33
-3.63519e-35
1.88476e-35
2.14846e-36
-2.10399e-37
-5.18618e-38
7.28684e-40
8.69551e-40
2.10265e-41
-1.22344e-41
-4.80264e-43
1.81788e-43
6.31842e-45
-3.31134e-45
-1.3246e-46
6.47684e-47
3.96674e-48
-1.10845e-48
-1.07443e-49
1.47708e-50
2.27067e-51
-1.39354e-52
-3.74672e-53
5.80165e-55
5.05182e-55
9.36521e-57
-5.62113e-57
-2.7821e-58
5.1268e-59
4.2351e-60
-3.76326e-61
-4.88571e-62
2.11999e-63
4.43675e-64
-6.89102e-66
-3.42132e-66
-1.74047e-68
2.22487e-68
4.7323e-70
-1.20293e-70
-4.23993e-72
5.59055e-73
2.60483e-74
-2.15504e-75
-1.20634e-76
6.63305e-78
4.46191e-79
-1.71509e-80
-1.23818e-81
3.36382e-83
2.45624e-84
-4.96586e-86
-3.3541e-87
4.61459e-89
2.06308e-90
-9.02294e-93
1.08698e-05
-1.18248e-06
1.23577e-07
-1.70524e-08
-1.17959e-09
9.58499e-10
-5.22216e-10
-2.48314e-11
-5.77966e-11
-2.16062e-11
-8.00762e-12
-2.2385e-12
-3.47483e-13
3.21669e-14
4.30183e-14
1.59723e-14
3.31649e-15
1.37905e-16
-1.63667e-16
-6.79393e-17
-1.21628e-17
2.30442e-19
7.43621e-19
1.99152e-19
1.57646e-20
-5.67829e-21
-2.12791e-21
-2.47137e-22
3.60133e-23
1.81134e-23
2.27954e-24
-2.54008e-25
-1.33057e-25
-1.46873e-26
2.14024e-27
8.46942e-28
6.20556e-29
-1.77204e-29
-4.40136e-30
-6.24071e-32
1.17869e-31
1.5903e-32
-1.3016e-33
-5.48796e-34
-2.48776e-35
1.05439e-35
1.5626e-36
-9.23067e-38
-4.09011e-38
-1.46296e-39
6.91002e-40
7.83602e-41
-6.99524e-42
-1.83729e-42
-1.21437e-45
2.95788e-44
1.74997e-45
-3.45382e-46
-4.33777e-47
2.57571e-48
6.85808e-49
-5.41751e-52
-8.32263e-51
-3.26708e-52
7.88133e-53
6.29561e-54
-5.70262e-55
-7.64422e-56
2.69525e-57
7.1123e-58
-4.30918e-60
-5.14503e-60
-7.489e-62
3.13422e-62
3.10142e-64
-1.32521e-64
9.31794e-67
6.5833e-67
-6.13512e-68
-4.80438e-69
7.72224e-70
4.29726e-71
-5.80835e-72
-3.5779e-73
3.38848e-74
2.36429e-75
-1.57952e-76
-1.16588e-77
5.21148e-79
4.68555e-80
-1.41835e-81
-1.51918e-82
2.78254e-84
2.94022e-85
-4.11917e-87
-4.61419e-88
3.59585e-90
2.99741e-91
7.72188e-93
-2.39247e-07
3.41192e-08
-8.37214e-09
-1.45798e-09
5.40214e-10
-2.05572e-10
-1.30135e-10
-2.52768e-11
-2.33158e-11
-5.11754e-12
-1.5232e-12
-9.52429e-14
8.64616e-14
5.33044e-14
1.68059e-14
3.32029e-15
1.17342e-16
-1.75602e-16
-7.08681e-17
-1.41404e-17
-2.94309e-19
6.93623e-19
2.17027e-19
2.55109e-20
-3.76929e-21
-2.13538e-21
-3.52154e-22
8.04007e-24
1.63594e-23
3.26549e-24
5.43746e-26
-1.11188e-25
-2.39139e-26
-6.04931e-28
7.22328e-28
1.49605e-28
1.51268e-30
-4.67747e-30
-7.81827e-31
2.93998e-32
2.78506e-32
2.88503e-33
-4.22401e-34
-1.30669e-34
-3.81535e-36
2.93913e-36
3.9871e-37
-3.09731e-38
-1.20261e-38
-3.90011e-40
2.25202e-40
2.60318e-41
-2.46106e-42
-6.7688e-43
-2.06783e-45
1.18775e-44
7.81643e-46
-1.4784e-46
-2.08763e-47
1.11259e-48
3.60491e-49
2.78016e-51
-4.75752e-51
-2.52425e-52
4.83992e-53
5.0561e-54
-3.57915e-55
-6.92575e-56
1.25994e-57
7.50792e-58
1.22917e-59
-6.58024e-60
-3.0999e-61
4.79648e-62
3.70839e-63
-2.70133e-64
-3.40983e-65
1.16385e-66
2.50153e-67
-2.61254e-69
-1.51664e-69
-1.03225e-71
7.69959e-72
1.55056e-73
-3.35475e-74
-9.98983e-76
1.19602e-76
4.64171e-78
-3.58569e-79
-1.62625e-80
9.01061e-82
3.69603e-83
-1.75509e-84
-7.82631e-86
2.62595e-87
8.29188e-89
-2.47441e-90
-4.52155e-92
4.29e-93
6.90079e-09
-1.33585e-09
-1.10301e-09
3.48528e-10
1.50465e-11
-7.09958e-11
-1.50944e-12
-5.82973e-12
-2.25264e-12
4.84295e-14
7.99382e-14
1.15491e-13
4.24893e-14
1.17209e-14
1.61049e-15
-1.65195e-16
-1.95858e-16
-5.97803e-17
-9.20412e-18
6.41559e-19
7.95668e-19
1.96204e-19
1.30666e-20
-6.61087e-21
-2.35834e-21
-2.63555e-22
4.38202e-23
2.08815e-23
2.68722e-24
-2.64879e-25
-1.5073e-25
-1.83705e-26
1.7698e-27
8.78861e-28
8.98836e-29
-1.0751e-29
-4.09305e-30
-3.48819e-31
4.86638e-32
1.59514e-32
1.40462e-33
-1.54137e-34
-6.49982e-35
-7.36974e-36
6.86634e-37
3.38961e-37
2.83688e-38
-6.07639e-39
-1.49477e-39
-5.06818e-42
3.71211e-41
3.54432e-42
-5.29832e-43
-1.19577e-43
1.77472e-45
2.48468e-45
1.33046e-46
-3.58461e-47
-4.48307e-48
3.32883e-49
8.84503e-50
-2.87237e-52
-1.30112e-51
-5.80681e-53
1.4681e-53
1.38221e-54
-1.23278e-55
-2.10461e-56
5.90713e-58
2.49336e-58
2.35301e-60
-2.3747e-60
-9.64893e-62
1.87016e-62
1.33709e-63
-1.16877e-64
-1.33512e-65
5.65365e-67
1.06224e-67
-1.64176e-69
-6.96567e-70
-2.53188e-72
3.78961e-72
6.92108e-74
-1.76357e-74
-5.16947e-76
6.74841e-77
2.62776e-78
-2.11707e-79
-1.00871e-80
5.50059e-82
2.68468e-83
-1.07505e-84
-5.59799e-86
1.61392e-87
7.2436e-89
-1.47098e-90
-4.35525e-92
1.19189e-93
1.16422e-09
-5.02754e-10
1.58079e-10
3.84581e-11
-1.77737e-11
-1.75018e-13
4.422e-12
-1.96782e-13
6.96439e-13
2.42816e-13
9.17324e-14
3.01378e-14
4.35283e-15
-3.37299e-16
-6.0844e-16
-2.37413e-16
-5.52387e-17
-3.6104e-18
2.28563e-18
1.129e-18
2.35459e-19
4.28721e-21
-1.2114e-20
-3.77008e-21
-3.9533e-22
8.71557e-23
4.03501e-23
5.56337e-24
-5.02726e-25
-3.42609e-25
-4.95761e-26
3.60197e-27
2.48636e-27
3.07735e-28
-3.31343e-29
-1.5252e-29
-1.26659e-30
2.77689e-31
7.43919e-32
1.87621e-33
-1.73986e-33
-2.48495e-34
1.44339e-35
7.2296e-36
4.10025e-37
-1.1006e-37
-1.82538e-38
4.37647e-40
3.56236e-40
2.2272e-41
-3.51237e-42
-5.97349e-43
-7.15503e-45
6.09353e-45
8.17395e-46
4.31689e-47
-1.02059e-47
-2.63009e-48
-9.72664e-50
5.01237e-50
6.32304e-51
-4.72187e-52
-1.43909e-52
-1.01451e-54
2.17198e-54
1.274e-55
-2.40272e-56
-2.75504e-57
1.82483e-58
4.00937e-59
-5.37785e-61
-4.46554e-61
-9.74056e-63
4.01428e-63
2.12694e-64
-2.90303e-65
-2.51614e-66
1.65653e-67
2.26491e-68
-6.64711e-70
-1.6372e-70
1.00228e-72
9.62471e-73
1.01346e-74
-4.78819e-75
-1.09367e-76
1.94705e-77
6.33706e-79
-6.34358e-80
-2.67311e-81
1.71687e-82
7.91709e-84
-3.43768e-85
-1.67434e-86
5.19143e-88
2.34295e-89
-4.58529e-91
-1.47666e-92
1.49997e-94
-3.92528e-11
1.33524e-11
3.13862e-11
-8.05588e-12
-1.95898e-13
2.60492e-12
6.80433e-13
2.46174e-13
2.30178e-13
3.71027e-14
1.41379e-14
-1.60434e-16
-1.40753e-15
-7.22195e-16
-2.28646e-16
-4.42937e-17
-7.35208e-19
3.09759e-18
1.22781e-18
2.61722e-19
7.4129e-21
-1.36641e-20
-4.6353e-21
-6.34517e-22
6.74264e-23
5.02061e-23
9.61429e-24
6.04102e-26
-4.11787e-25
-9.57997e-26
-3.59318e-27
3.04758e-27
7.32975e-28
2.53002e-29
-2.14963e-29
-4.54154e-30
-2.89225e-32
1.41878e-31
2.18517e-32
-1.19414e-33
-7.89322e-34
-6.66387e-35
1.30402e-35
3.21796e-36
2.9033e-38
-7.36603e-38
-8.03966e-39
8.67209e-40
2.49485e-40
4.0618e-42
-4.58339e-42
-4.41759e-43
4.95474e-44
1.13702e-44
-2.59076e-47
-1.86098e-46
-1.1814e-47
2.06853e-48
2.93703e-49
-1.14852e-50
-4.47779e-51
-1.02702e-52
4.89665e-53
3.65164e-54
-3.58262e-55
-5.611e-56
8.93683e-58
5.77262e-58
2.04744e-59
-4.08811e-60
-3.76983e-61
1.34596e-62
3.81474e-63
9.93705e-65
-2.28215e-65
-2.36982e-66
7.34088e-68
2.28261e-68
5.18565e-70
-1.54995e-70
-1.00079e-71
7.51228e-73
8.67862e-74
-2.27953e-75
-5.48112e-76
8.85199e-79
2.65503e-78
3.25877e-80
-9.58835e-81
-2.46237e-82
2.83384e-83
9.94746e-85
-5.94568e-86
-2.24425e-87
9.17449e-89
3.76261e-90
-7.87414e-92
-2.54887e-93
-3.64167e-95
-2.21035e-11
1.40386e-11
-2.84968e-12
-9.72125e-13
7.08949e-13
2.68574e-13
-2.94299e-14
5.47754e-14
8.78275e-15
-3.96436e-15
-1.32468e-15
-1.51767e-15
-4.86257e-16
-1.34868e-16
-1.69897e-17
3.35847e-18
3.14985e-18
1.01189e-18
1.77903e-19
-2.8475e-21
-1.40585e-20
-4.29581e-21
-5.31541e-22
7.75451e-23
5.06258e-23
9.71284e-24
1.01221e-25
-4.1046e-25
-1.02334e-25
-6.29107e-27
2.73725e-27
8.13983e-28
6.36694e-29
-1.67156e-29
-5.39847e-30
-4.24418e-31
1.04254e-31
3.18798e-32
1.89466e-33
-6.96136e-34
-1.61354e-34
-2.56102e-36
4.24613e-36
6.20908e-37
-3.74311e-38
-2.04309e-38
-1.32924e-39
3.53497e-40
6.5918e-41
-1.6051e-42
-1.57591e-42
-1.01059e-43
2.32201e-44
3.76147e-45
-1.50731e-46
-7.81452e-47
-2.64511e-48
1.12559e-48
1.10964e-49
-1.07901e-50
-2.21517e-51
3.12388e-53
3.18725e-53
1.13505e-54
-3.45741e-55
-2.91951e-56
2.75372e-57
4.34145e-58
-1.1938e-59
-4.89441e-60
-5.7263e-62
4.33502e-62
1.95313e-63
-3.11887e-64
-2.43461e-65
1.64561e-66
2.26926e-67
-6.07239e-69
-1.63146e-69
2.23397e-72
9.50486e-72
1.72735e-73
-4.54053e-74
-1.56898e-75
1.80012e-76
8.78011e-78
-5.58747e-79
-3.75676e-80
1.43699e-81
1.1776e-82
-2.86599e-84
-2.41942e-85
4.38702e-87
4.62332e-88
-5.74844e-90
-3.7448e-91
5.41878e-93
1.55848e-94
-2.75833e-95
-8.98412e-13
6.77039e-13
-9.13437e-13
2.12966e-13
2.68314e-14
-4.36412e-14
-1.76929e-14
-1.03564e-15
-6.75551e-15
-1.73573e-15
-7.42706e-16
-2.50882e-16
-2.08519e-17
7.57883e-18
7.90862e-18
2.98792e-18
7.43773e-19
5.89002e-20
-2.88393e-20
-1.67487e-20
-4.18161e-21
-2.73092e-22
1.59605e-22
6.51846e-23
1.01468e-23
-6.31015e-25
-6.53457e-25
-1.30941e-25
-2.14659e-27
5.02142e-27
1.14647e-27
3.88978e-29
-3.36387e-29
-7.46053e-30
-2.06754e-31
1.97089e-31
3.82185e-32
3.94063e-34
-9.97816e-34
-1.59526e-34
2.22083e-36
4.3055e-36
5.74978e-37
-2.11574e-38
-1.73568e-38
-2.00786e-39
1.56333e-40
7.20029e-41
5.25147e-42
-1.1199e-42
-2.54374e-43
-3.8599e-46
5.5961e-45
5.20324e-46
-7.05639e-47
-1.59216e-47
1.55713e-49
2.96193e-49
1.70601e-50
-3.83438e-51
-4.94567e-52
2.91764e-53
8.84519e-54
4.64256e-56
-1.15811e-55
-6.04083e-57
1.15945e-57
1.19905e-58
-8.15702e-60
-1.62405e-60
2.5441e-62
1.68815e-62
3.32383e-64
-1.43361e-64
-7.02541e-66
9.59992e-67
8.18533e-68
-5.19801e-69
-6.96822e-70
1.93628e-71
4.76593e-72
-2.35508e-74
-2.66504e-74
-3.09599e-76
1.25843e-76
3.00139e-78
-4.83057e-79
-1.66379e-80
1.51834e-81
6.54725e-83
-3.91077e-84
-1.76625e-85
7.54377e-87
3.73223e-88
-1.12481e-89
-4.6641e-91
9.74052e-93
2.77527e-94
-8.77585e-96
-4.38884e-12
-1.25594e-12
5.12238e-13
-1.53831e-13
1.22661e-15
-8.96922e-15
-9.04597e-16
-1.70073e-15
-9.66473e-16
-6.03198e-17
-6.01577e-17
2.23555e-17
1.68965e-17
7.21139e-18
2.3079e-18
4.24454e-19
-1.05077e-20
-4.43656e-20
-1.73726e-20
-4.02745e-21
-1.84361e-22
2.13094e-22
8.09377e-23
1.331e-23
-6.60515e-25
-9.09333e-25
-2.09127e-25
-9.58616e-27
7.28616e-27
2.11703e-27
1.54836e-28
-5.29813e-29
-1.63025e-29
-1.10801e-30
3.74912e-31
1.00576e-31
4.15377e-33
-2.48248e-33
-4.86347e-34
3.58941e-36
1.37316e-35
1.62742e-36
-1.45206e-37
-5.55337e-38
-2.87821e-39
8.94753e-40
1.54347e-40
-2.16788e-42
-3.17608e-42
-2.73354e-43
2.88017e-44
7.6603e-45
2.84161e-46
-9.88016e-47
-1.54159e-47
6.97628e-50
2.84389e-49
2.62267e-50
-2.46571e-51
-6.75435e-52
-1.36551e-53
9.82092e-54
9.31216e-55
-8.69689e-56
-1.87886e-56
1.18115e-58
2.57252e-58
1.14165e-59
-2.57306e-60
-2.50232e-61
1.81021e-62
3.34842e-63
-5.43028e-65
-3.43243e-65
-6.39581e-67
2.76937e-67
1.34586e-68
-1.81919e-69
-1.46252e-70
9.24379e-72
1.17411e-72
-3.28472e-74
-7.39343e-75
4.74611e-77
3.86066e-77
3.1347e-79
-1.62303e-79
-3.12377e-81
5.47509e-82
1.59685e-83
-1.50693e-84
-5.0328e-86
3.04158e-87
1.13119e-88
-4.5707e-90
-1.59875e-91
3.93322e-93
1.02528e-94
-1.56876e-96
1.8836e-10
1.02979e-10
-3.38405e-11
9.98074e-12
1.02615e-13
-1.68981e-14
-3.52024e-15
-1.08285e-16
6.1183e-17
4.80481e-17
1.09747e-17
1.2304e-17
3.16409e-18
9.13875e-19
7.25003e-20
-5.94938e-20
-4.06335e-20
-1.3423e-20
-2.56435e-21
-2.55086e-23
2.14749e-22
7.73834e-23
1.26895e-23
-5.33324e-25
-9.29812e-25
-2.42581e-25
-1.90183e-26
6.85046e-27
2.64298e-27
3.31704e-28
-3.88917e-29
-2.21688e-29
-3.06622e-30
2.34656e-31
1.57047e-31
2.01056e-32
-1.88012e-33
-9.75351e-34
-9.22361e-35
1.6307e-35
4.99812e-36
2.04858e-37
-1.09521e-37
-1.86758e-38
5.97072e-40
5.17361e-40
4.09841e-41
-7.49402e-42
-1.6044e-42
6.16426e-45
3.26179e-44
2.67356e-45
-3.8376e-46
-7.78518e-47
5.67039e-49
1.33169e-48
8.6503e-50
-1.4687e-50
-2.23534e-51
6.39518e-53
3.42827e-53
1.26793e-54
-3.56234e-55
-3.60555e-56
2.10362e-57
5.26163e-58
6.69109e-60
-5.18753e-60
-3.59241e-61
3.24652e-62
5.27697e-63
-3.19684e-65
-5.12138e-65
-2.22074e-66
3.41407e-67
3.54751e-68
-1.43848e-69
-3.36637e-70
-1.22998e-72
2.37893e-72
8.37204e-74
-1.29899e-74
-8.37033e-76
5.33864e-77
5.63508e-78
-1.54438e-79
-2.80968e-80
2.18912e-82
1.05707e-82
7.8427e-85
-3.19164e-85
-5.44878e-87
6.83277e-88
1.52042e-89
-1.0501e-90
-2.75186e-92
9.10013e-94
2.00532e-95
-8.62859e-99
-1.07933e-08
-1.51223e-08
4.22531e-09
-2.78819e-09
-5.51606e-11
-4.10173e-12
1.23638e-12
4.72998e-14
2.69406e-16
-5.44644e-16
9.00699e-17
-8.55428e-18
6.19953e-19
-1.73171e-19
-7.83392e-20
-2.9864e-20
-7.76743e-21
-6.84222e-22
3.31853e-22
2.21523e-22
6.71816e-23
7.9387e-24
-1.54668e-24
-1.02741e-24
-2.37414e-25
-1.28918e-26
8.64477e-27
2.92736e-27
3.51118e-28
-4.41024e-29
-2.51999e-29
-3.78026e-30
1.64133e-31
1.73057e-31
2.83024e-32
-5.91472e-34
-1.06137e-33
-1.70093e-34
5.22604e-36
6.17644e-36
8.00063e-37
-6.2855e-38
-3.17227e-38
-2.56576e-39
5.22506e-40
1.30733e-40
2.1185e-42
-2.94415e-42
-3.56927e-43
3.03757e-44
1.06974e-44
3.2438e-46
-1.8731e-46
-2.16602e-47
1.79723e-48
5.2519e-49
5.94332e-51
-8.3567e-51
-6.29892e-52
8.9701e-53
1.44402e-53
-4.35951e-55
-2.21047e-55
-5.706e-57
2.48155e-57
1.88093e-58
-2.00717e-59
-2.95681e-60
8.52983e-62
3.38243e-62
4.85408e-64
-2.96078e-64
-1.5323e-65
2.02976e-66
1.87863e-67
-9.24405e-69
-1.71101e-69
1.82246e-71
1.18722e-71
1.83745e-73
-6.52457e-74
-2.53857e-75
2.84611e-76
1.80036e-77
-9.59748e-79
-9.14936e-80
2.15415e-81
3.61629e-82
-2.62937e-84
-1.03614e-84
-5.53933e-87
2.01829e-87
2.91915e-89
-3.249e-90
-5.50855e-92
1.96792e-93
5.31213e-95
-1.82378e-97
1.10162e-97
7.0958e-07
9.93086e-08
-1.70437e-08
2.76279e-08
-7.15995e-09
3.1616e-10
-1.20375e-10
1.27105e-11
-6.69966e-13
4.77337e-14
-3.0531e-15
1.73391e-16
-8.8086e-18
3.33217e-19
-3.02065e-20
-2.33293e-21
3.74071e-22
5.32762e-22
2.08289e-22
5.4747e-23
4.97114e-24
-2.52809e-24
-1.25309e-24
-2.69624e-25
-8.18749e-27
1.30005e-26
4.0421e-27
4.43014e-28
-7.51095e-29
-3.86053e-29
-5.70702e-30
3.40215e-31
2.89745e-31
4.39524e-32
-1.92467e-33
-1.78424e-33
-2.42368e-34
1.37816e-35
9.21632e-36
1.03063e-36
-9.31904e-38
-4.04059e-38
-3.49256e-39
5.07565e-40
1.58799e-40
9.64067e-42
-2.59652e-42
-5.73883e-43
-9.17399e-45
1.22782e-44
1.61936e-45
-1.04921e-46
-4.52825e-47
-2.09041e-48
7.26229e-49
1.01436e-49
-5.70149e-51
-2.21917e-51
-5.72119e-53
3.26543e-53
2.91864e-54
-3.10933e-55
-6.06018e-56
1.0436e-57
8.59368e-58
2.95397e-59
-9.18957e-60
-7.58858e-61
7.05153e-62
1.12261e-62
-2.96678e-64
-1.21918e-64
-1.60119e-66
1.06433e-66
4.64179e-68
-7.211e-69
-5.81559e-70
3.94233e-71
5.0648e-72
-1.46668e-73
-3.48788e-74
1.5557e-76
1.9524e-76
2.44145e-78
-9.11588e-79
-2.30955e-80
3.44285e-81
1.26905e-82
-1.0607e-83
-4.85279e-85
2.64007e-86
1.27885e-87
-4.88236e-89
-2.61059e-90
7.00833e-92
3.11768e-93
-5.86452e-95
-1.75419e-96
4.70776e-98
-1.62853e-06
4.37162e-06
-5.01483e-07
2.91849e-07
4.47732e-09
1.5951e-09
-5.35979e-10
-4.85328e-11
3.86592e-12
7.20088e-14
-5.48124e-15
3.93145e-16
-2.54067e-17
1.42467e-18
-6.61189e-20
5.45259e-21
-2.67017e-22
-4.86446e-23
8.34409e-23
1.99917e-23
-6.26076e-24
-2.57708e-24
-6.55076e-26
7.21915e-26
4.84367e-27
5.79389e-28
1.01709e-27
1.38051e-28
-5.99219e-29
-1.81501e-29
3.60894e-32
6.9616e-31
9.39413e-32
-6.39009e-33
-3.19519e-33
-3.68812e-34
5.76711e-36
1.26487e-35
2.67529e-36
3.58884e-38
-8.92032e-38
-1.34647e-38
9.4064e-40
4.65634e-40
2.59687e-41
-7.98833e-42
-1.33536e-42
3.26851e-44
2.83761e-44
2.11022e-45
-2.81104e-46
-6.48029e-47
-1.98255e-48
8.89645e-49
1.33773e-49
-1.50224e-51
-2.65273e-51
-2.2422e-52
2.65434e-53
6.12634e-54
3.18583e-56
-9.43998e-56
-7.13585e-57
9.38703e-58
1.57265e-58
-3.69975e-60
-2.26138e-60
-6.76516e-62
2.3691e-62
1.88384e-63
-1.80617e-64
-2.69184e-65
7.51691e-67
2.86613e-67
2.66995e-69
-2.36589e-69
-9.48345e-71
1.60784e-71
1.11096e-72
-8.47336e-74
-9.19004e-75
3.25933e-76
5.89005e-77
-6.95738e-79
-3.09573e-79
-1.08972e-81
1.30265e-81
1.99851e-83
-4.40079e-84
-1.09783e-85
1.2019e-86
3.54119e-88
-2.41018e-89
-8.12714e-91
3.56703e-92
1.12685e-93
-2.9919e-95
-7.21457e-97
1.21513e-98
-7.75269e-05
7.96537e-06
-1.15e-06
6.81155e-08
2.11651e-07
2.14657e-08
3.25147e-09
-4.73657e-10
-4.71188e-11
1.54652e-12
8.87012e-14
-4.53462e-15
2.04571e-16
-7.69665e-18
1.7945e-19
-5.23308e-20
1.05487e-20
4.50067e-21
-8.25603e-22
-3.65911e-22
5.02387e-23
2.41982e-23
-2.54345e-24
-1.37511e-24
1.05309e-25
6.88966e-26
-3.08802e-27
-2.97138e-27
4.67728e-29
1.09516e-28
5.12052e-31
-3.58705e-30
-6.44594e-32
1.10053e-31
3.35403e-33
-3.18784e-33
-1.54219e-34
8.3716e-35
6.0402e-36
-1.90104e-36
-1.90631e-37
3.64948e-38
4.78727e-39
-6.01508e-40
-9.72329e-41
9.28774e-42
1.65646e-42
-1.57317e-43
-2.59845e-44
3.13987e-45
4.3478e-46
-6.35123e-47
-8.42518e-48
1.11563e-48
1.71916e-49
-1.55513e-50
-3.19133e-51
1.5448e-52
5.07505e-53
-6.426e-55
-6.72442e-55
-1.18453e-56
7.29589e-57
3.34576e-58
-6.32858e-59
-4.81564e-60
4.02555e-61
4.72214e-62
-1.43343e-63
-2.96372e-64
-3.64803e-66
3.82679e-67
7.20591e-68
1.83729e-68
5.083e-71
-2.9393e-70
-1.04286e-71
2.80929e-72
1.652e-73
-1.96203e-74
-1.65271e-75
1.05124e-76
1.22168e-77
-4.22658e-79
-7.15772e-80
1.16343e-81
3.32463e-82
-1.51902e-84
-1.21668e-84
-7.18418e-87
3.58049e-87
4.23418e-89
-7.64006e-90
-1.17786e-91
1.16223e-92
2.01365e-94
-1.00184e-95
-1.37485e-97
2.44902e-99
-0.000213215
-8.36956e-05
-8.11996e-07
-5.5714e-06
1.13693e-07
3.81283e-08
2.89142e-08
2.07786e-09
-2.73172e-10
-4.59947e-11
8.86364e-13
1.00948e-14
-4.28578e-16
1.60862e-18
1.7384e-18
1.19512e-18
-1.84489e-19
-9.9824e-20
1.29875e-20
7.01621e-21
-7.29518e-22
-4.24044e-22
3.30047e-23
2.22985e-23
-1.17691e-24
-1.02855e-24
3.0565e-26
4.19549e-26
-3.61154e-28
-1.52662e-27
-1.63995e-29
4.99067e-29
1.45154e-30
-1.4756e-30
-6.84383e-32
3.96495e-32
2.50489e-33
-9.73105e-34
-7.75361e-35
2.19115e-35
2.11766e-36
-4.55055e-37
-5.22072e-38
8.73131e-39
1.17545e-39
-1.54689e-40
-2.43705e-41
2.51651e-42
4.68688e-43
-3.75363e-44
-8.33615e-45
5.07341e-46
1.38145e-46
-6.14008e-48
-2.12743e-48
6.48729e-50
3.05067e-50
-5.63139e-52
-4.09079e-52
3.36804e-54
5.10923e-54
1.83229e-57
-5.98488e-56
-4.82674e-58
6.57437e-58
9.81472e-60
-6.75282e-60
-1.42117e-61
6.49655e-62
1.73556e-63
-5.77016e-64
-1.82334e-65
4.74261e-66
1.70089e-67
-3.57891e-68
-1.40155e-69
2.46856e-70
1.01999e-71
-1.55329e-72
-6.42009e-74
8.77222e-75
3.5856e-76
-4.46053e-77
-1.68832e-78
1.9937e-79
6.56102e-81
-7.83077e-82
-2.04384e-83
2.66002e-84
4.70751e-86
-7.40696e-87
-6.61912e-89
1.6102e-89
1.11713e-92
-2.43204e-92
1.52663e-94
2.18279e-95
-2.18621e-97
-7.69993e-99
0.00056452
-0.000368844
5.12979e-07
-2.31396e-05
-3.6313e-06
-6.31881e-07
1.16935e-08
1.8595e-08
2.13511e-09
-1.56015e-10
-3.0145e-11
2.745e-13
-5.5419e-15
5.13462e-16
-4.26848e-17
-3.21666e-17
3.20579e-18
2.1935e-18
-2.04298e-19
-1.33036e-19
1.05011e-20
7.22466e-21
-4.3852e-22
-3.50873e-22
1.43626e-23
1.52478e-23
-3.24434e-25
-5.94375e-25
1.36869e-27
2.08729e-26
3.2724e-28
-6.62966e-28
-2.19024e-29
1.91621e-29
9.50285e-31
-5.05989e-31
-3.33316e-32
1.22557e-32
1.00682e-33
-2.72926e-34
-2.7084e-35
5.60401e-36
6.59511e-37
-1.06301e-37
-1.46776e-38
1.86087e-39
3.00797e-40
-2.99873e-41
-5.71115e-42
4.45458e-43
1.00635e-43
-6.04501e-45
-1.65687e-45
7.41472e-47
2.55419e-47
-8.01122e-49
-3.67576e-49
7.14549e-51
4.96494e-51
-4.37564e-53
-6.23475e-53
-4.4538e-56
7.32324e-55
6.84823e-57
-8.02154e-57
-1.39317e-58
8.16819e-59
1.98159e-60
-7.741e-61
-2.37202e-62
6.75009e-63
2.41761e-64
-5.44486e-65
-2.16651e-66
4.05003e-67
1.70842e-68
-2.76261e-69
-1.19442e-70
1.7351e-71
7.2502e-73
-9.85457e-74
-3.91236e-75
5.07852e-76
1.79995e-77
-2.30617e-78
-6.84126e-80
9.22795e-81
2.0727e-82
-3.1787e-83
-4.60603e-85
8.96837e-86
6.17107e-88
-1.96296e-88
1.07091e-91
2.97724e-91
-1.86183e-93
-2.67446e-94
2.52257e-96
8.64472e-98
0.00483444
-0.000309986
8.72479e-05
-2.90998e-05
-1.21245e-05
-3.716e-06
-5.63434e-07
2.15464e-11
1.65985e-08
2.10074e-09
-7.20905e-11
-1.70465e-11
1.38609e-13
-1.6782e-14
5.88222e-16
8.83224e-16
-5.29385e-17
-4.72895e-17
3.24907e-18
2.4417e-18
-1.5615e-19
-1.18586e-19
6.13225e-21
5.31163e-21
-1.90398e-22
-2.17399e-22
4.05888e-24
8.09717e-24
-1.22483e-26
-2.74343e-25
-4.11588e-27
8.47096e-27
2.6111e-28
-2.39379e-28
-1.10365e-29
6.21167e-30
3.80625e-31
-1.48505e-31
-1.13525e-32
3.27503e-33
3.02528e-34
-6.68882e-35
-7.29328e-36
1.26259e-36
1.61346e-37
-2.20988e-38
-3.29342e-39
3.57343e-40
6.23603e-41
-5.34702e-42
-1.09655e-42
7.35645e-44
1.79749e-44
-9.20938e-46
-2.76977e-46
1.03234e-47
3.98529e-48
-9.9348e-50
-5.36293e-50
7.50908e-52
6.74172e-52
-2.87857e-54
-7.93244e-54
-3.6347e-56
8.6728e-56
1.06706e-57
-8.8485e-58
-1.73708e-59
8.37543e-60
2.13522e-61
-7.3276e-62
-2.24885e-63
5.90181e-64
2.04171e-65
-4.38002e-66
-1.63484e-67
3.00309e-68
1.1443e-69
-1.86516e-70
-7.04069e-72
1.06404e-72
3.78177e-74
-5.46054e-75
-1.71434e-76
2.48945e-77
6.3762e-79
-9.91118e-80
-1.85936e-81
3.39008e-82
3.79513e-84
-9.46225e-85
-3.86555e-87
2.04378e-87
-4.76379e-90
-3.03697e-90
2.39531e-92
2.64713e-93
-2.88514e-95
-7.59348e-97
0.0156121
0.00175816
0.000672183
0.000113147
5.72511e-06
-5.977e-06
-2.38175e-06
-3.84869e-07
1.04311e-08
1.44198e-08
1.74965e-09
-3.94381e-11
-6.68301e-12
6.24587e-13
4.36402e-15
-2.28207e-14
9.61078e-16
9.24242e-16
-6.17862e-17
-4.00212e-17
2.93094e-18
1.72407e-18
-1.1631e-19
-7.10235e-20
3.90715e-21
2.73813e-21
-1.0814e-22
-9.77024e-23
2.258e-24
3.2081e-24
-2.24673e-26
-9.68823e-26
-8.20355e-28
2.69654e-27
6.27054e-29
-6.92799e-29
-2.60435e-30
1.6453e-30
8.52197e-32
-3.62761e-32
-2.39214e-33
7.4243e-34
5.98641e-35
-1.41243e-35
-1.35704e-36
2.49616e-37
2.81987e-38
-4.10785e-39
-5.39003e-40
6.29817e-41
9.58211e-42
-8.95111e-43
-1.59456e-43
1.1756e-44
2.47139e-45
-1.41663e-46
-3.58809e-47
1.54248e-48
4.84777e-49
-1.49064e-50
-6.14319e-51
1.21746e-52
7.25395e-53
-7.41259e-55
-7.98428e-55
1.17449e-57
8.17681e-57
4.90418e-59
-7.75306e-59
-9.61458e-61
6.78742e-61
1.20911e-62
-5.51232e-63
-1.19729e-64
4.09945e-65
1.00865e-66
-2.78876e-67
-7.18149e-69
1.74409e-69
4.46737e-71
-9.85576e-72
-2.31635e-73
5.03852e-74
1.00823e-75
-2.28088e-76
-3.49427e-78
9.03119e-79
8.86533e-81
-3.01395e-81
-1.15903e-83
8.34556e-84
-1.57418e-86
-1.72861e-86
1.34774e-88
2.54959e-89
-3.2697e-91
-2.31719e-92
3.20789e-94
6.40128e-96
0.0339193
0.00769139
0.00259351
0.000743569
0.000168415
2.16023e-05
-1.89861e-06
-1.66669e-06
-3.18987e-07
4.28125e-09
1.26131e-08
1.63597e-09
-9.15887e-11
-2.83757e-11
9.70905e-13
5.29013e-13
-3.93012e-14
-1.48144e-14
1.75838e-15
5.2757e-16
-7.10143e-17
-2.01636e-17
2.64192e-18
7.70593e-19
-8.96596e-20
-2.83288e-20
2.74089e-21
9.80589e-22
-7.45828e-23
-3.15922e-23
1.77572e-24
9.4381e-25
-3.56379e-26
-2.6127e-26
5.44236e-28
6.70813e-28
-3.44636e-30
-1.60081e-29
-1.51933e-31
3.55013e-31
8.33722e-33
-7.33228e-33
-2.71213e-34
1.41347e-34
7.09494e-36
-2.54647e-36
-1.61742e-37
4.28622e-38
3.28998e-39
-6.74284e-40
-6.14381e-41
9.92303e-42
1.05925e-42
-1.36248e-43
-1.69426e-44
1.74433e-45
2.51653e-46
-2.06354e-47
-3.474e-48
2.25133e-49
4.48271e-50
-2.24797e-51
-5.36269e-52
2.03043e-53
5.97683e-54
-1.61983e-55
-6.19051e-56
1.10515e-57
5.92421e-58
-6.0323e-60
-5.23222e-60
2.12161e-62
4.25326e-62
2.60572e-65
-3.17629e-64
-1.22609e-66
2.17448e-66
1.27783e-68
-1.35617e-68
-8.51096e-71
7.68607e-71
4.16313e-73
-3.83346e-73
-1.21913e-75
1.7031e-75
-6.89606e-79
-6.60319e-78
3.07162e-80
2.2099e-80
-1.99101e-82
-5.82444e-83
8.20716e-85
1.21511e-85
-2.20332e-87
-1.6608e-88
3.76207e-90
1.34166e-91
-2.99208e-93
-3.10191e-95
0.0572964
0.0178199
0.0066963
0.00237295
0.000719926
0.000165804
2.13586e-05
-2.20731e-06
-1.81987e-06
-3.65137e-07
-6.44989e-10
1.36556e-08
1.97541e-09
-1.4532e-10
-6.43491e-11
-8.0641e-13
1.64846e-12
7.9982e-14
-4.64989e-14
-3.16234e-15
1.48839e-15
1.22332e-16
-4.95516e-17
-4.81025e-18
1.60599e-18
1.83329e-19
-4.91402e-20
-6.56718e-21
1.39921e-21
2.1825e-22
-3.67815e-23
-6.70682e-24
8.87197e-25
1.90347e-25
-1.95358e-26
-5.00217e-27
3.88891e-28
1.2191e-28
-6.89144e-30
-2.76691e-30
1.04891e-31
5.84089e-32
-1.25629e-33
-1.15206e-33
7.78604e-36
2.1212e-35
1.40342e-37
-3.66173e-37
-7.09923e-39
5.92818e-39
1.87556e-40
-8.99814e-41
-3.91914e-42
1.28374e-42
7.13301e-44
-1.7101e-44
-1.15554e-45
2.12943e-46
1.70589e-47
-2.46868e-48
-2.30978e-49
2.66944e-50
2.87849e-51
-2.6738e-52
-3.3386e-53
2.46855e-54
3.54145e-55
-2.10741e-56
-3.44573e-57
1.66107e-58
3.08435e-59
-1.21104e-60
-2.53182e-61
8.21926e-63
1.90466e-63
-5.21917e-65
-1.31381e-65
3.14231e-67
8.09502e-68
-1.82155e-69
-4.52048e-70
1.01836e-71
2.27026e-72
-5.29689e-74
-9.91587e-75
2.52169e-76
3.74929e-77
-1.0565e-78
-1.1827e-79
3.76945e-81
3.01222e-82
-1.07886e-83
-5.71218e-85
2.3081e-86
7.52027e-88
-3.32862e-89
-4.99614e-91
2.41615e-92
1.01291e-94
0.0783699
0.0311149
0.0133833
0.00550911
0.00199974
0.00059212
0.000125679
1.09324e-05
-4.1234e-06
-2.006e-06
-3.50675e-07
9.96532e-09
1.66893e-08
2.54889e-09
-2.07263e-10
-1.11893e-10
-5.46192e-12
3.00016e-12
3.89126e-13
-6.90697e-14
-1.54125e-14
1.53327e-15
5.36727e-16
-3.18961e-17
-1.76437e-17
5.35352e-19
5.49403e-19
-3.29624e-21
-1.60712e-20
-2.50579e-22
4.39144e-22
1.55751e-23
-1.11686e-23
-6.07292e-25
2.64016e-25
1.93162e-26
-5.79191e-27
-5.35742e-28
1.17946e-28
1.33578e-29
-2.22382e-30
-3.03627e-31
3.87824e-32
6.35257e-33
-6.2305e-34
-1.23359e-34
9.15451e-36
2.23164e-36
-1.21446e-37
-3.77063e-38
1.40977e-39
5.96042e-40
-1.3402e-41
-8.83177e-42
8.06529e-44
1.21749e-43
3.47145e-46
-1.57382e-45
-2.20496e-47
1.90717e-47
4.66834e-49
-2.1473e-49
-7.36675e-51
2.26008e-51
9.78411e-53
-2.21096e-53
-1.14687e-54
2.01336e-55
1.20309e-56
-1.69599e-57
-1.12433e-58
1.33581e-59
9.50262e-61
-9.75499e-62
-7.3142e-63
6.61137e-64
5.03687e-65
-4.18684e-66
-3.13793e-67
2.44462e-68
1.72454e-69
-1.3175e-70
-8.40028e-72
6.38137e-73
3.57073e-74
-2.77041e-75
-1.28369e-76
1.0344e-77
3.72578e-79
-3.30425e-80
-8.59659e-82
8.41379e-83
1.35431e-84
-1.63279e-85
-1.06577e-87
2.08933e-88
-8.70215e-92
-1.23569e-91
4.103e-94
0.0942132
0.0451436
0.0221509
0.0103295
0.00429873
0.00151406
0.000419531
7.59433e-05
5.34055e-07
-5.21713e-06
-1.84248e-06
-2.53227e-07
3.08607e-08
1.96296e-08
2.66204e-09
-3.3673e-10
-1.57466e-10
-9.50131e-12
4.35063e-12
7.70017e-13
-7.19172e-14
-2.97278e-14
2.69241e-16
9.1691e-16
3.72257e-17
-2.53508e-17
-2.07063e-18
6.45758e-19
7.86555e-20
-1.51569e-20
-2.51564e-21
3.24831e-22
7.1542e-23
-6.24622e-24
-1.84989e-24
1.04114e-25
4.39043e-26
-1.39027e-27
-9.63261e-28
1.0511e-29
1.96474e-29
1.45179e-31
-3.72583e-31
-9.00446e-33
6.58438e-33
2.62983e-34
-1.08838e-34
-6.04357e-36
1.68052e-36
1.20221e-37
-2.41711e-38
-2.1495e-39
3.23778e-40
3.48882e-41
-4.01681e-42
-5.21741e-43
4.60138e-44
7.20859e-45
-4.83212e-46
-9.18001e-47
4.60539e-48
1.08914e-48
-3.91354e-50
-1.19442e-50
2.9008e-52
1.21717e-52
-1.78761e-54
-1.14899e-54
8.0067e-57
1.00537e-56
-8.06694e-60
-8.12209e-59
-2.92336e-61
6.05644e-61
3.93649e-63
-4.19122e-63
-3.28093e-65
2.67073e-65
2.09512e-67
-1.55995e-67
-1.05881e-69
8.23364e-70
3.87228e-72
-3.87944e-72
-8.19198e-75
1.59495e-74
-2.37219e-77
-5.69048e-77
3.29812e-79
1.69024e-79
-1.70644e-81
-4.00688e-82
5.62692e-84
6.98611e-85
-1.21253e-86
-7.3246e-88
1.49636e-89
3.91924e-91
-5.60196e-93
0.104915
0.0579925
0.0318377
0.0164507
0.00764786
0.0030808
0.00102535
0.000256458
3.41821e-05
-6.0913e-06
-5.07322e-06
-1.39786e-06
-1.21982e-07
4.78999e-08
1.89564e-08
1.9302e-09
-4.89374e-10
-1.72848e-10
-8.14921e-12
5.4137e-12
9.82738e-13
-7.44787e-14
-3.94351e-14
-1.10569e-15
1.1062e-15
1.07158e-16
-2.50203e-17
-4.30156e-18
4.6919e-19
1.33616e-19
-6.73989e-21
-3.58954e-21
4.2765e-23
8.65459e-23
1.56775e-24
-1.90268e-24
-8.43945e-26
3.84409e-26
2.6624e-27
-7.15168e-28
-6.77426e-29
1.2257e-29
1.50648e-30
-1.9311e-31
-3.0235e-32
2.77207e-33
5.55707e-34
-3.57109e-35
-9.42581e-36
3.98752e-37
1.48166e-37
-3.54786e-39
-2.16661e-39
1.77434e-41
2.95223e-41
1.76431e-43
-3.75668e-43
-7.06161e-45
4.4496e-45
1.36983e-46
-4.89872e-47
-2.06197e-48
5.02724e-49
2.65015e-50
-4.81498e-51
-3.01118e-52
4.31344e-53
3.06868e-54
-3.61369e-55
-2.85147e-56
2.84337e-57
2.40167e-58
-2.09709e-59
-1.85659e-60
1.44888e-61
1.30843e-62
-9.3541e-64
-8.34828e-65
5.62947e-66
4.84803e-67
-3.12707e-68
-2.49672e-69
1.58502e-70
1.13734e-71
-7.17031e-73
-4.48576e-74
2.86696e-75
1.48618e-76
-9.89394e-78
-3.84094e-79
2.8071e-80
7.64279e-82
-6.18939e-83
-9.93218e-85
9.83467e-86
6.60664e-88
-9.33206e-89
-2.14779e-92
2.96944e-92
0.11173
0.068842
0.041223
0.0231183
0.0117596
0.00527501
0.00201621
0.000619247
0.000131919
7.02734e-06
-8.40504e-06
-4.02435e-06
-8.65119e-07
-1.20977e-08
5.13039e-08
1.46349e-08
8.00037e-10
-5.56758e-10
-1.47287e-10
-2.04173e-12
5.64569e-12
8.88314e-13
-8.8041e-14
-4.03024e-14
-1.33802e-15
1.11244e-15
1.3178e-16
-2.15182e-17
-5.01752e-18
2.60911e-19
1.41466e-19
6.02937e-22
-3.34865e-21
-1.53363e-22
6.96038e-23
5.84755e-24
-1.28933e-24
-1.61485e-25
2.1299e-26
3.76397e-27
-3.08607e-28
-7.78444e-29
3.74701e-30
1.46133e-30
-3.24243e-32
-2.51724e-32
1.65814e-35
4.00707e-34
7.42021e-36
-5.89484e-36
-2.13472e-37
8.0389e-38
4.28071e-39
-1.0206e-39
-7.20469e-41
1.19976e-41
1.0637e-42
-1.30913e-43
-1.42579e-44
1.32111e-45
1.74186e-46
-1.23142e-47
-1.95274e-48
1.06235e-49
2.02648e-50
-8.45886e-52
-1.93875e-52
6.27732e-54
1.73498e-54
-4.35044e-56
-1.44049e-56
2.79724e-58
1.11542e-58
-1.66934e-60
-7.94523e-61
9.61272e-63
5.22002e-63
-5.3366e-65
-3.14367e-65
2.92529e-67
1.70958e-67
-1.61115e-69
-8.27947e-70
8.72433e-72
3.57303e-72
-4.41322e-74
-1.34178e-74
1.94923e-76
4.16731e-77
-7.19599e-79
-1.04599e-79
2.14928e-81
2.05461e-82
-4.68307e-84
-2.74952e-85
6.77364e-87
1.98775e-88
-4.57456e-90
-2.88596e-92
0.11641
0.0773086
0.0493896
0.0295563
0.0161702
0.00790998
0.0033685
0.00119896
0.000328233
5.21497e-05
-6.22866e-06
-7.616e-06
-2.64437e-06
-4.05567e-07
5.11654e-08
4.27436e-08
8.8645e-09
-1.65141e-10
-5.02152e-10
-9.64991e-11
4.5302e-12
4.84687e-12
5.70836e-13
-9.9671e-14
-3.25856e-14
-4.69167e-16
9.67413e-16
1.05447e-16
-1.82617e-17
-4.26948e-18
1.69561e-19
1.17048e-19
2.84236e-21
-2.55031e-21
-1.89852e-22
4.64892e-23
5.94292e-24
-7.13485e-25
-1.43527e-25
8.80174e-27
2.9681e-27
-7.00705e-29
-5.45909e-29
-2.83721e-31
9.05817e-31
2.71641e-32
-1.37245e-32
-7.29173e-34
1.90327e-34
1.4544e-35
-2.43096e-36
-2.48245e-37
2.84003e-38
3.75917e-39
-3.01597e-40
-5.15467e-41
2.88218e-42
6.49151e-43
-2.43136e-44
-7.55895e-45
1.74362e-46
8.18217e-47
-9.29372e-49
-8.24875e-49
1.60806e-51
7.76174e-51
4.61255e-53
-6.88291e-53
-8.41538e-55
5.71002e-55
9.93517e-57
-4.39312e-57
-9.34702e-59
3.15261e-59
7.60131e-61
-2.10154e-61
-5.34534e-63
1.2838e-63
3.3524e-65
-7.17832e-66
-1.79167e-67
3.64397e-68
8.22164e-70
-1.65234e-70
-3.19905e-72
6.63731e-73
9.80982e-75
-2.28799e-75
-2.2571e-77
6.47714e-78
2.85185e-80
-1.50288e-80
2.83007e-83
2.49147e-83
-1.88234e-85
-2.77527e-86
3.04327e-88
1.3854e-89
-1.34388e-91
0.119679
0.0835457
0.0559528
0.035206
0.0204085
0.0106994
0.00496278
0.0019749
0.000638232
0.000146058
1.01362e-05
-9.64523e-06
-5.34599e-06
-1.3947e-06
-1.03291e-07
6.69277e-08
2.80208e-08
3.79325e-09
-6.42603e-10
-3.55366e-10
-4.41385e-11
7.87825e-12
3.3107e-12
2.18133e-13
-9.30077e-14
-2.02948e-14
6.09698e-16
7.09071e-16
5.47885e-17
-1.49175e-17
-2.76253e-18
1.6458e-19
7.97626e-20
1.45025e-21
-1.71277e-21
-1.28507e-22
2.91752e-23
4.01846e-24
-3.89748e-25
-9.25582e-26
3.53205e-27
1.78183e-27
2.78088e-31
-2.99144e-29
-9.17321e-31
4.48075e-31
2.63095e-32
-6.06217e-33
-5.33087e-34
7.40804e-35
9.02943e-36
-8.12193e-37
-1.34909e-37
7.89267e-39
1.82337e-39
-6.53644e-41
-2.25782e-41
4.15684e-43
2.59358e-43
-1.07932e-45
-2.78712e-45
-2.21982e-47
2.78122e-47
5.09737e-49
-2.60529e-49
-7.1971e-51
2.27307e-51
8.06991e-53
-1.86734e-53
-7.87769e-55
1.42158e-55
6.86113e-57
-1.01304e-57
-5.276e-59
6.70977e-60
3.66133e-61
-4.13814e-62
-2.29677e-63
2.34701e-64
1.28964e-65
-1.21693e-66
-6.36428e-68
5.75787e-69
2.7274e-70
-2.41613e-71
-9.81814e-73
9.00027e-74
3.03559e-75
-2.86572e-76
-7.23157e-78
7.53999e-79
1.24846e-80
-1.5503e-81
-1.28608e-83
2.23264e-84
2.05989e-87
-1.83416e-87
6.80584e-90
5.09437e-91
0.121948
0.0879402
0.060881
0.0397691
0.0241109
0.0133484
0.00662366
0.00287352
0.00104695
0.000294899
4.83992e-05
-6.23598e-06
-7.95782e-06
-3.00193e-06
-5.47453e-07
3.4529e-08
5.24253e-08
1.4066e-08
6.99442e-10
-6.42559e-10
-1.90816e-10
-9.01572e-12
7.16297e-12
1.69399e-12
-1.09163e-14
-6.63302e-14
-8.87261e-15
1.09311e-15
4.09894e-16
1.17734e-17
-1.04193e-17
-1.27536e-18
1.57267e-19
4.33256e-20
-5.00431e-22
-9.94951e-22
-5.13632e-23
1.73462e-23
1.93999e-24
-2.31448e-25
-4.62488e-26
2.08074e-27
8.75517e-28
-1.22785e-30
-1.41033e-29
-4.51705e-31
1.99638e-31
1.25769e-32
-2.51136e-33
-2.40837e-34
2.80745e-35
3.84426e-36
-2.76197e-37
-5.39524e-38
2.30677e-39
6.83664e-40
-1.46884e-41
-7.95838e-42
3.53601e-44
8.56638e-44
8.45916e-46
-8.58919e-46
-1.94393e-47
8.0152e-48
2.70893e-49
-6.94346e-50
-3.05682e-51
5.6098e-52
2.97379e-53
-4.2338e-54
-2.57363e-55
2.98918e-56
2.01854e-57
-1.97082e-58
-1.42399e-59
1.21246e-60
9.10324e-62
-6.89037e-63
-5.22725e-64
3.62011e-65
2.66874e-66
-1.76318e-67
-1.19497e-68
7.79821e-70
4.6928e-71
-3.08399e-72
-1.57981e-73
1.05669e-74
4.24094e-76
-3.12652e-77
-8.83249e-79
7.30214e-80
1.33907e-81
-1.30246e-82
-1.00718e-84
1.52157e-85
1.31016e-89
-8.15796e-89
3.3317e-91
0.12343
0.0907912
0.0642598
0.0431268
0.0270447
0.0156191
0.00817109
0.00379018
0.00151053
0.000488283
0.000110264
5.70632e-06
-8.92546e-06
-4.86089e-06
-1.31519e-06
-1.13557e-07
6.27078e-08
2.95953e-08
4.88902e-09
-4.82578e-10
-4.10434e-10
-7.10306e-11
5.24895e-12
4.3671e-12
5.67133e-13
-8.27715e-14
-3.43233e-14
-1.913e-15
8.99357e-16
1.68735e-16
-7.92364e-18
-5.5534e-18
-3.19624e-19
1.11757e-19
1.68515e-20
-1.26625e-21
-4.57393e-22
-3.85565e-24
8.91755e-24
5.87615e-25
-1.32757e-25
-1.70863e-26
1.46892e-27
3.47052e-28
-9.20239e-30
-5.73133e-30
-7.02305e-32
8.08454e-32
3.58393e-33
-1.00108e-33
-7.65802e-35
1.09191e-35
1.2491e-36
-1.03523e-37
-1.72452e-38
8.31154e-40
2.12256e-40
-5.06444e-42
-2.36439e-42
1.2159e-44
2.40786e-44
2.41801e-46
-2.27013e-46
-5.16016e-48
1.98885e-48
6.78906e-50
-1.62204e-50
-7.16962e-52
1.23081e-52
6.58788e-54
-8.73099e-55
-5.39211e-56
5.74113e-57
3.91191e-58
-3.5279e-59
-2.55237e-60
2.03507e-61
1.49423e-62
-1.09251e-63
-7.91062e-65
5.45886e-66
3.68974e-67
-2.48944e-68
-1.51335e-69
1.03079e-70
5.22441e-72
-3.76022e-73
-1.53969e-74
1.18872e-75
3.43878e-77
-3.08933e-78
-5.69235e-80
6.19816e-81
5.04855e-83
-8.92728e-84
-6.85228e-87
7.65106e-87
-3.25266e-89
-2.23226e-90
0.124235
0.0923172
0.0662123
0.0452644
0.0290961
0.0173506
0.00945221
0.00461563
0.00196767
0.000700785
0.00018938
2.65357e-05
-7.00125e-06
-6.35181e-06
-2.27335e-06
-3.95584e-07
3.63058e-08
4.40075e-08
1.19203e-08
6.62737e-10
-5.55449e-10
-1.79288e-10
-1.21538e-11
6.28765e-12
1.79617e-12
5.4178e-14
-6.30824e-14
-1.17114e-14
5.60528e-16
4.60377e-16
3.84027e-17
-9.16904e-18
-2.02013e-18
4.39729e-20
5.41235e-20
3.52111e-21
-9.3796e-22
-1.44251e-22
9.26197e-24
3.41351e-24
3.23033e-26
-5.96194e-26
-3.72809e-27
8.05563e-28
9.74865e-29
-8.15517e-30
-1.79585e-30
4.76689e-32
2.68707e-32
2.89279e-34
-3.42321e-34
-1.41957e-35
3.81772e-36
2.75083e-37
-3.74836e-38
-4.04135e-39
3.19849e-40
5.03388e-41
-2.30045e-42
-5.51181e-43
1.27719e-44
5.48199e-45
-3.34834e-47
-5.00696e-47
-3.72181e-49
4.20575e-49
7.91902e-51
-3.27944e-51
-9.22199e-53
2.36936e-53
8.5411e-55
-1.59781e-55
-6.74038e-57
1.01121e-57
4.66458e-59
-5.95376e-60
-2.83994e-61
3.30605e-62
1.55465e-63
-1.68707e-64
-7.535e-66
7.88681e-67
3.17701e-68
-3.36967e-69
-1.16842e-70
1.27062e-71
3.53294e-73
-4.12661e-74
-8.03107e-76
1.13527e-76
1.23875e-78
-2.52572e-79
-7.80772e-82
4.19133e-82
-1.51666e-84
-4.28854e-85
3.92392e-87
2.25661e-88
-1.90172e-90
0.124401
0.0926108
0.0668407
0.0462377
0.0302482
0.0184681
0.0103706
0.00526404
0.00235984
0.000901689
0.00027366
5.34389e-05
-1.98512e-06
-6.94361e-06
-3.17853e-06
-7.655e-07
-3.5409e-08
4.92295e-08
1.9847e-08
2.89226e-09
-4.42378e-10
-2.93507e-10
-4.78381e-11
4.37387e-12
3.22401e-12
4.23288e-13
-6.01149e-14
-2.64028e-14
-1.78808e-15
6.5613e-16
1.42678e-16
-2.73048e-18
-4.38135e-18
-3.82627e-19
7.46713e-20
1.60193e-20
-3.57078e-22
-3.78025e-22
-2.06664e-23
6.06518e-24
7.8908e-25
-6.14697e-26
-1.73251e-26
8.15419e-29
2.82543e-28
1.2458e-29
-3.6326e-30
-3.35126e-31
3.6738e-32
5.89191e-33
-2.63092e-34
-8.2758e-35
5.39744e-37
9.93118e-37
2.21293e-38
-1.03738e-38
-4.97196e-40
9.65781e-41
7.17158e-42
-8.07128e-43
-8.43465e-44
5.99163e-45
8.63466e-46
-3.92857e-47
-7.96314e-48
2.20077e-49
6.6295e-50
-9.93435e-52
-5.09053e-52
2.66955e-54
3.62228e-54
8.15214e-57
-2.38864e-56
-1.81325e-58
1.47082e-58
1.63941e-60
-8.341e-61
-1.05338e-62
4.33922e-63
5.31209e-65
-2.05555e-65
-2.12126e-67
8.97252e-68
6.05278e-70
-3.46187e-70
-9.45543e-73
1.16567e-72
-2.71353e-75
-3.38511e-75
2.47645e-77
7.93469e-78
-9.85463e-80
-1.40055e-80
2.47065e-82
1.74061e-83
-3.59691e-85
-1.13819e-86
2.52255e-88
1.97763e-90
0.124079
0.0920262
0.066539
0.0463291
0.0306357
0.018989
0.0108823
0.00567395
0.00263667
0.00105896
0.000347746
8.09973e-05
5.11023e-06
-6.42798e-06
-3.77787e-06
-1.12493e-06
-1.37538e-07
4.09548e-08
2.56641e-08
5.58663e-09
-1.60321e-11
-3.53356e-10
-9.04923e-11
-2.528e-12
3.96448e-12
9.15753e-13
-1.5791e-15
-3.72218e-14
-5.82795e-15
4.60319e-16
2.55178e-16
1.77943e-17
-5.37683e-18
-1.0749e-18
3.08502e-20
2.93626e-20
1.87721e-21
-4.94194e-22
-7.79027e-23
4.23174e-24
1.77909e-24
3.71953e-26
-2.88198e-26
-2.27268e-27
3.40942e-28
5.24069e-29
-2.54661e-30
-8.64778e-31
-1.91187e-33
1.14259e-32
4.61922e-34
-1.25088e-34
-9.80875e-36
1.13849e-36
1.44774e-37
-8.31778e-39
-1.75632e-39
4.10489e-41
1.84987e-41
1.04279e-44
-1.73013e-43
-3.44221e-45
1.46626e-45
5.4025e-47
-1.14458e-47
-5.99327e-49
8.26069e-50
5.57133e-51
-5.53358e-52
-4.51502e-53
3.44644e-54
3.29506e-55
-2.01377e-56
-2.18226e-57
1.10745e-58
1.31482e-59
-5.79619e-61
-7.1797e-62
2.87279e-63
3.56351e-64
-1.34345e-65
-1.5692e-66
5.95416e-68
6.14148e-69
-2.41898e-70
-2.05161e-71
8.96714e-73
5.97532e-74
-2.85552e-75
-1.41576e-76
7.49685e-78
2.42186e-79
-1.55818e-80
-2.69128e-82
2.28887e-83
1.56572e-85
-1.88021e-86
-1.52231e-90
5.23575e-90
)
;

boundaryField
{
    back
    {
        type            empty;
    }
    top
    {
        type            zeroGradient;
    }
    right
    {
        type            cyclicAMI;
        value           nonuniform List<scalar> 
99
(
0.124192
0.0921584
0.0666127
0.0463585
0.0306693
0.0190531
0.0109704
0.00576466
0.00271061
0.00110811
0.000374412
9.25542e-05
8.82291e-06
-5.76768e-06
-3.88848e-06
-1.26196e-06
-1.90662e-07
3.16175e-08
2.68511e-08
6.8065e-09
2.95878e-10
-3.4593e-10
-1.08906e-10
-7.64069e-12
3.80584e-12
1.14548e-12
5.08748e-14
-3.79605e-14
-8.10564e-15
1.4098e-16
2.9136e-16
3.31664e-17
-4.64517e-18
-1.44263e-18
-2.77541e-20
3.31788e-20
3.6594e-21
-4.30773e-22
-1.11927e-22
3.67133e-25
2.18057e-24
1.36601e-25
-2.98362e-26
-4.0358e-27
2.59596e-28
7.58981e-29
-1.49232e-31
-1.09303e-30
-4.55221e-32
1.26495e-32
1.0781e-33
-1.1707e-34
-1.69756e-35
7.97767e-37
2.14591e-37
-2.41516e-39
-2.32367e-39
-3.56041e-41
2.21221e-41
8.45887e-43
-1.87369e-43
-1.13118e-44
1.42793e-45
1.20745e-46
-9.8603e-48
-1.10941e-48
6.1769e-50
9.14706e-51
-3.49548e-52
-6.83903e-53
1.77358e-54
4.66755e-55
-8.05331e-57
-2.93484e-57
3.20407e-59
1.69739e-59
-1.22101e-61
-9.01169e-62
4.57997e-64
4.40522e-64
-2.0283e-66
-1.95092e-66
1.06217e-68
7.70278e-69
-5.73249e-71
-2.6574e-71
3.00408e-73
7.92412e-74
-1.22246e-75
-1.96709e-76
3.94108e-78
3.83559e-79
-9.82629e-81
-5.34385e-82
1.66081e-83
4.62227e-85
-1.58092e-86
-1.61012e-88
5.09271e-90
)
;
    }
    bottom
    {
        type            zeroGradient;
    }
    left
    {
        type            cyclicAMI;
        value           nonuniform List<scalar> 
99
(
0.124192
0.0921584
0.0666127
0.0463585
0.0306693
0.0190531
0.0109704
0.00576466
0.00271061
0.00110811
0.000374412
9.25542e-05
8.82291e-06
-5.76768e-06
-3.88848e-06
-1.26196e-06
-1.90662e-07
3.16175e-08
2.68511e-08
6.8065e-09
2.95878e-10
-3.4593e-10
-1.08906e-10
-7.64069e-12
3.80584e-12
1.14548e-12
5.08748e-14
-3.79605e-14
-8.10564e-15
1.4098e-16
2.9136e-16
3.31664e-17
-4.64517e-18
-1.44263e-18
-2.77541e-20
3.31788e-20
3.6594e-21
-4.30773e-22
-1.11927e-22
3.67133e-25
2.18057e-24
1.36601e-25
-2.98362e-26
-4.0358e-27
2.59596e-28
7.58981e-29
-1.49232e-31
-1.09303e-30
-4.55221e-32
1.26495e-32
1.0781e-33
-1.1707e-34
-1.69756e-35
7.97767e-37
2.14591e-37
-2.41516e-39
-2.32367e-39
-3.56041e-41
2.21221e-41
8.45887e-43
-1.87369e-43
-1.13118e-44
1.42793e-45
1.20745e-46
-9.8603e-48
-1.10941e-48
6.1769e-50
9.14706e-51
-3.49548e-52
-6.83903e-53
1.77358e-54
4.66755e-55
-8.05331e-57
-2.93484e-57
3.20407e-59
1.69739e-59
-1.22101e-61
-9.01169e-62
4.57997e-64
4.40522e-64
-2.0283e-66
-1.95092e-66
1.06217e-68
7.70278e-69
-5.73249e-71
-2.6574e-71
3.00408e-73
7.92412e-74
-1.22246e-75
-1.96709e-76
3.94108e-78
3.83559e-79
-9.82629e-81
-5.34385e-82
1.66081e-83
4.62227e-85
-1.58092e-86
-1.61012e-88
5.09271e-90
)
;
    }
    front
    {
        type            empty;
    }
}


// ************************************************************************* //
