// Points
68
(

(0 0 0)
(0 0 0.29)
(0.00459762 0.000776018 0)
(0.00459762 0.000776018 0.29)
(0.009171 0.00168471 0)
(0.009171 0.00168471 0.29)
(0.0137276 0.00267434 0)
(0.0137276 0.00267434 0.29)
(0.0182774 0.00369536 0)
(0.0182774 0.00369536 0.29)
(0.0228309 0.0046992 0)
(0.0228309 0.0046992 0.29)
(0.0273985 0.00563675 0)
(0.0273985 0.00563675 0.29)
(0.0319885 0.00645702 0)
(0.0319885 0.00645702 0.29)
(0.0366056 0.00710617 0)
(0.0366056 0.00710617 0.29)
(0.0412488 0.00752741 0)
(0.0412488 0.00752741 0.29)
(0.0459088 0.00766236 0)
(0.0459088 0.00766236 0.29)
(0.0505658 0.00745328 0)
(0.0505658 0.00745328 0.29)
(0.0551768 0.00677493 0)
(0.0551768 0.00677493 0.29)
(0.0597044 0.00566532 0)
(0.0597044 0.00566532 0.29)
(0.0641457 0.0042472 0)
(0.0641457 0.0042472 0.29)
(0.0685171 0.00262514 0)
(0.0685171 0.00262514 0.29)
(0.0728441 0.00088751 0)
(0.0728441 0.00088751 0.29)
(0.0771559 -0.00088751 0)
(0.0771559 -0.00088751 0.29)
(0.0814829 -0.00262514 0)
(0.0814829 -0.00262514 0.29)
(0.0858543 -0.0042472 0)
(0.0858543 -0.0042472 0.29)
(0.0902956 -0.00566532 0)
(0.0902956 -0.00566532 0.29)
(0.0948232 -0.00677493 0)
(0.0948232 -0.00677493 0.29)
(0.0994342 -0.00745328 0)
(0.0994342 -0.00745328 0.29)
(0.104091 -0.00766236 0)
(0.104091 -0.00766236 0.29)
(0.108751 -0.00752741 0)
(0.108751 -0.00752741 0.29)
(0.113394 -0.00710617 0)
(0.113394 -0.00710617 0.29)
(0.118012 -0.00645702 0)
(0.118012 -0.00645702 0.29)
(0.122602 -0.00563675 0)
(0.122602 -0.00563675 0.29)
(0.127169 -0.0046992 0)
(0.127169 -0.0046992 0.29)
(0.131723 -0.00369536 0)
(0.131723 -0.00369536 0.29)
(0.136272 -0.00267434 0)
(0.136272 -0.00267434 0.29)
(0.140829 -0.00168471 0)
(0.140829 -0.00168471 0.29)
(0.145402 -0.000776018 0)
(0.145402 -0.000776018 0.29)
(0.15 0 0)
(0.15 0 0.29)

)

// ************************************************************************* //
