200
(
7.28046891E-02
7.24691131E-02
7.16725790E-02
7.16725790E-02
7.05089704E-02
7.05089704E-02
6.89202854E-02
6.89202854E-02
6.69214067E-02
6.69214067E-02
6.44844037E-02
6.44844037E-02
6.15683996E-02
6.15683996E-02
5.81814475E-02
5.81814475E-02
5.43082569E-02
5.43082569E-02
4.99644241E-02
4.99644241E-02
4.51717635E-02
4.51717635E-02
3.99419980E-02
3.99419980E-02
3.43212029E-02
3.43212029E-02
2.83257900E-02
2.83257900E-02
2.20483180E-02
2.20483180E-02
1.55986748E-02
1.55986748E-02
8.94201835E-03
8.94201835E-03
2.00162080E-03
2.00162080E-03
-5.13270133E-03
-5.13270133E-03
-1.22516820E-02
-1.22516820E-02
-1.91818552E-02
-1.91818552E-02
-2.55889908E-02
-2.55889908E-02
-3.13040775E-02
-3.13040775E-02
-3.63056065E-02
-3.63056065E-02
-4.04746177E-02
-4.04746177E-02
-4.36339450E-02
-4.36339450E-02
-4.57674822E-02
-4.57674822E-02
-4.69682977E-02
-4.69682977E-02
-4.76046891E-02
-4.76046891E-02
-4.83656473E-02
-4.83656473E-02
-4.91278287E-02
-4.91278287E-02
-4.86357798E-02
-4.86357798E-02
-4.62076453E-02
-4.62076453E-02
-4.28471967E-02
-4.28471967E-02
-3.99740061E-02
-3.99740061E-02
-3.80904179E-02
-3.80904179E-02
-3.66586137E-02
-3.66586137E-02
-3.54257900E-02
-3.54257900E-02
-3.43948012E-02
-3.43948012E-02
-3.31714577E-02
-3.31714577E-02
-3.11261978E-02
-3.11261978E-02
-2.78970438E-02
-2.78970438E-02
-2.68568807E-02
-2.68568807E-02
-3.37074414E-02
-3.37074414E-02
-4.81596330E-02
-4.81596330E-02
-5.45948012E-02
-5.45948012E-02
-4.17163099E-02
-4.17163099E-02
-1.79310907E-02
-1.79310907E-02
4.69910296E-03
4.69910296E-03
2.06389399E-02
2.06389399E-02
3.07528033E-02
3.07528033E-02
3.70669725E-02
3.70669725E-02
4.09292559E-02
4.09292559E-02
4.29166157E-02
4.29166157E-02
4.35806320E-02
4.35806320E-02
4.40051988E-02
4.40051988E-02
4.64386340E-02
4.64386340E-02
5.37118247E-02
5.37118247E-02
6.19768603E-02
6.19768603E-02
6.38854230E-02
6.38854230E-02
6.12431193E-02
6.12431193E-02
5.82035678E-02
5.82035678E-02
5.33783894E-02
5.33783894E-02
4.21591233E-02
4.21591233E-02
1.78391437E-02
1.78391437E-02
-1.50474006E-02
-1.50474006E-02
-3.82624873E-02
-3.82624873E-02
-4.30745158E-02
-4.30745158E-02
-3.45770642E-02
-3.45770642E-02
-1.96713558E-02
-1.96713558E-02
-1.86595311E-04
-1.86595311E-04
2.03641182E-02
2.03641182E-02
3.85354740E-02
3.85354740E-02
5.40751274E-02
5.40751274E-02
6.62958206E-02
6.62958206E-02
7.58455657E-02
7.58455657E-02
8.30059123E-02
8.30059123E-02
8.82236493E-02
8.82236493E-02
9.17734964E-02
9.17734964E-02
9.42223242E-02
9.42223242E-02
9.57844037E-02
9.57844037E-02
9.66846075E-02
9.66846075E-02
9.71511723E-02
9.71511723E-02
9.72456677E-02
9.72456677E-02
9.70135576E-02
9.70135576E-02
9.64732926E-02
9.64732926E-02
9.56502548E-02
9.56502548E-02
9.45870540E-02
9.45870540E-02
9.33031600E-02
9.33031600E-02
9.18029562E-02
9.18029562E-02
9.01109072E-02
9.01109072E-02
8.82517839E-02
8.82517839E-02
8.62540265E-02
8.62540265E-02
8.41524975E-02
8.41524975E-02
8.19430173E-02
8.19430173E-02
7.97778797E-02
7.97778797E-02
7.77335372E-02
7.77335372E-02
7.58872579E-02
7.58872579E-02
7.44220183E-02
7.44220183E-02
7.37874618E-02
7.37874618E-02
)
