202
(
8.10583078E-02
8.10583078E-02
8.01711519E-02
8.01711519E-02
7.79238532E-02
7.79238532E-02
7.49833843E-02
7.49833843E-02
7.17589195E-02
7.17589195E-02
6.83235474E-02
6.83235474E-02
6.45492355E-02
6.45492355E-02
6.03363914E-02
6.03363914E-02
5.56084608E-02
5.56084608E-02
5.03184506E-02
5.03184506E-02
4.45116208E-02
4.45116208E-02
3.82488277E-02
3.82488277E-02
3.16658512E-02
3.16658512E-02
2.49310907E-02
2.49310907E-02
1.80883792E-02
1.80883792E-02
1.12672783E-02
1.12672783E-02
4.67708461E-03
4.67708461E-03
-1.55904179E-03
-1.55904179E-03
-7.33405708E-03
-7.33405708E-03
-1.25468909E-02
-1.25468909E-02
-1.70952090E-02
-1.70952090E-02
-2.09101937E-02
-2.09101937E-02
-2.39511723E-02
-2.39511723E-02
-2.62253823E-02
-2.62253823E-02
-2.77856269E-02
-2.77856269E-02
-2.86679918E-02
-2.86679918E-02
-2.90380224E-02
-2.90380224E-02
-2.89456677E-02
-2.89456677E-02
-2.85151886E-02
-2.85151886E-02
-2.78629969E-02
-2.78629969E-02
-2.69114169E-02
-2.69114169E-02
-2.57891947E-02
-2.57891947E-02
-2.45202854E-02
-2.45202854E-02
-2.30783894E-02
-2.30783894E-02
-2.16441386E-02
-2.16441386E-02
-2.01681957E-02
-2.01681957E-02
-1.85304791E-02
-1.85304791E-02
-1.69812436E-02
-1.69812436E-02
-1.58326198E-02
-1.58326198E-02
-1.51983690E-02
-1.51983690E-02
-1.50188583E-02
-1.50188583E-02
-1.50940877E-02
-1.50940877E-02
-1.51975535E-02
-1.51975535E-02
-1.51889908E-02
-1.51889908E-02
-1.51331295E-02
-1.51331295E-02
-1.52317023E-02
-1.52317023E-02
-1.57184506E-02
-1.57184506E-02
-1.69547401E-02
-1.69547401E-02
-1.96719674E-02
-1.96719674E-02
-2.50547401E-02
-2.50547401E-02
-3.39729867E-02
-3.39729867E-02
-4.54280326E-02
-4.54280326E-02
-5.56885831E-02
-5.56885831E-02
-5.94757390E-02
-5.94757390E-02
-5.58667686E-02
-5.58667686E-02
-5.11432212E-02
-5.11432212E-02
-4.91189602E-02
-4.91189602E-02
-4.86637105E-02
-4.86637105E-02
-4.93984709E-02
-4.93984709E-02
-5.03158002E-02
-5.03158002E-02
-5.08686035E-02
-5.08686035E-02
-5.25848114E-02
-5.25848114E-02
-5.76032620E-02
-5.76032620E-02
-7.16737003E-02
-7.16737003E-02
-9.57879715E-02
-9.57879715E-02
-1.19745158E-01
-1.19745158E-01
-1.34590214E-01
-1.34590214E-01
-1.38104995E-01
-1.38104995E-01
-1.28741081E-01
-1.28741081E-01
-1.06182467E-01
-1.06182467E-01
-7.45150866E-02
-7.45150866E-02
-3.56596330E-02
-3.56596330E-02
6.09801223E-03
6.09801223E-03
4.67154944E-02
4.67154944E-02
8.46247706E-02
8.46247706E-02
1.17187564E-01
1.17187564E-01
1.43673802E-01
1.43673802E-01
1.63471967E-01
1.63471967E-01
1.76839959E-01
1.76839959E-01
1.84555556E-01
1.84555556E-01
1.87984709E-01
1.87984709E-01
1.88287462E-01
1.88287462E-01
1.86048930E-01
1.86048930E-01
1.81979613E-01
1.81979613E-01
1.76819572E-01
1.76819572E-01
1.70932722E-01
1.70932722E-01
1.64548420E-01
1.64548420E-01
1.57833843E-01
1.57833843E-01
1.50922528E-01
1.50922528E-01
1.43879715E-01
1.43879715E-01
1.36783894E-01
1.36783894E-01
1.29702345E-01
1.29702345E-01
1.22689093E-01
1.22689093E-01
1.15837920E-01
1.15837920E-01
1.09273191E-01
1.09273191E-01
1.02964322E-01
1.02964322E-01
9.69603466E-02
9.69603466E-02
9.16929664E-02
9.16929664E-02
8.74206932E-02
8.74206932E-02
8.41486239E-02
8.41486239E-02
8.27705403E-02
8.27705403E-02
)
