/*--------------------------------*- C++ -*----------------------------------*\
  =========                 |
  \\      /  F ield         | OpenFOAM: The Open Source CFD Toolbox
   \\    /   O peration     | Website:  https://openfoam.org
    \\  /    A nd           | Version:  7
     \\/     M anipulation  |
\*---------------------------------------------------------------------------*/
FoamFile
{
    version     2.0;
    format      ascii;
    class       labelList;
    note        "nPoints:11000  nCells:5346  nFaces:21537  nInternalFaces:10539";
    location    "constant/polyMesh";
    object      neighbour;
}
// * * * * * * * * * * * * * * * * * * * * * * * * * * * * * * * * * * * * * //


10539
(
1
99
2
100
3
101
4
102
5
103
6
104
7
105
8
106
9
107
10
108
11
109
12
110
13
111
14
112
15
113
16
114
17
115
18
116
19
117
20
118
21
119
22
120
23
121
24
122
25
123
26
124
27
125
28
126
29
127
30
128
31
129
32
130
33
131
34
132
35
133
36
134
37
135
38
136
39
137
40
138
41
139
42
140
43
141
44
142
45
143
46
144
47
145
48
146
49
147
50
148
51
149
52
150
53
151
54
152
55
153
56
154
57
155
58
156
59
157
60
158
61
159
62
160
63
161
64
162
65
163
66
164
67
165
68
166
69
167
70
168
71
169
72
170
73
171
74
172
75
173
76
174
77
175
78
176
79
177
80
178
81
179
82
180
83
181
84
182
85
183
86
184
87
185
88
186
89
187
90
188
91
189
92
190
93
191
94
192
95
193
96
194
97
195
98
196
197
100
198
101
199
102
200
103
201
104
202
105
203
106
204
107
205
108
206
109
207
110
208
111
209
112
210
113
211
114
212
115
213
116
214
117
215
118
216
119
217
120
218
121
219
122
220
123
221
124
222
125
223
126
224
127
225
128
226
129
227
130
228
131
229
132
230
133
231
134
232
135
233
136
234
137
235
138
236
139
237
140
238
141
239
142
240
143
241
144
242
145
243
146
244
147
245
148
246
149
247
150
248
151
249
152
250
153
251
154
252
155
253
156
254
157
255
158
256
159
257
160
258
161
259
162
260
163
261
164
262
165
263
166
264
167
265
168
266
169
267
170
268
171
269
172
270
173
271
174
272
175
273
176
274
177
275
178
276
179
277
180
278
181
279
182
280
183
281
184
282
185
283
186
284
187
285
188
286
189
287
190
288
191
289
192
290
193
291
194
292
195
293
196
294
197
295
296
199
297
200
298
201
299
202
300
203
301
204
302
205
303
206
304
207
305
208
306
209
307
210
308
211
309
212
310
213
311
214
312
215
313
216
314
217
315
218
316
219
317
220
318
221
319
222
320
223
321
224
322
225
323
226
324
227
325
228
326
229
327
230
328
231
329
232
330
233
331
234
332
235
333
236
334
237
335
238
336
239
337
240
338
241
339
242
340
243
341
244
342
245
343
246
344
247
345
248
346
249
347
250
348
251
349
252
350
253
351
254
352
255
353
256
354
257
355
258
356
259
357
260
358
261
359
262
360
263
361
264
362
265
363
266
364
267
365
268
366
269
367
270
368
271
369
272
370
273
371
274
372
275
373
276
374
277
375
278
376
279
377
280
378
281
379
282
380
283
381
284
382
285
383
286
384
287
385
288
386
289
387
290
388
291
389
292
390
293
391
294
392
295
393
296
394
395
298
396
299
397
300
398
301
399
302
400
303
401
304
402
305
403
306
404
307
405
308
406
309
407
310
408
311
409
312
410
313
411
314
412
315
413
316
414
317
415
318
416
319
417
320
418
321
419
322
420
323
421
324
422
325
423
326
424
327
425
328
426
329
427
330
428
331
429
332
430
333
431
334
432
335
433
336
434
337
435
338
436
339
437
340
438
341
439
342
440
343
441
344
442
345
443
346
444
347
445
348
446
349
447
350
448
351
449
352
450
353
451
354
452
355
453
356
454
357
455
358
456
359
457
360
458
361
459
362
460
363
461
364
462
365
463
366
464
367
465
368
466
369
467
370
468
371
469
372
470
373
471
374
472
375
473
376
474
377
475
378
476
379
477
380
478
381
479
382
480
383
481
384
482
385
483
386
484
387
485
388
486
389
487
390
488
391
489
392
490
393
491
394
492
395
493
494
397
495
398
496
399
497
400
498
401
499
402
500
403
501
404
502
405
503
406
504
407
505
408
506
409
507
410
508
411
509
412
510
413
511
414
512
415
513
416
514
417
515
418
516
419
517
420
518
421
519
422
520
423
521
424
522
425
523
426
524
427
525
428
526
429
527
430
528
431
529
432
530
433
531
434
532
435
533
436
534
437
535
438
536
439
537
440
538
441
539
442
540
443
541
444
542
445
543
446
544
447
545
448
546
449
547
450
548
451
549
452
550
453
551
454
552
455
553
456
554
457
555
458
556
459
557
460
558
461
559
462
560
463
561
464
562
465
563
466
564
467
565
468
566
469
567
470
568
471
569
472
570
473
571
474
572
475
573
476
574
477
575
478
576
479
577
480
578
481
579
482
580
483
581
484
582
485
583
486
584
487
585
488
586
489
587
490
588
491
589
492
590
493
591
494
592
593
496
594
497
595
498
596
499
597
500
598
501
599
502
600
503
601
504
602
505
603
506
604
507
605
508
606
509
607
510
608
511
609
512
610
513
611
514
612
515
613
516
614
517
615
518
616
519
617
520
618
521
619
522
620
523
621
524
622
525
623
526
624
527
625
528
626
529
627
530
628
531
629
532
630
533
631
534
632
535
633
536
634
537
635
538
636
539
637
540
638
541
639
542
640
543
641
544
642
545
643
546
644
547
645
548
646
549
647
550
648
551
649
552
650
553
651
554
652
555
653
556
654
557
655
558
656
559
657
560
658
561
659
562
660
563
661
564
662
565
663
566
664
567
665
568
666
569
667
570
668
571
669
572
670
573
671
574
672
575
673
576
674
577
675
578
676
579
677
580
678
581
679
582
680
583
681
584
682
585
683
586
684
587
685
588
686
589
687
590
688
591
689
592
690
593
691
692
595
693
596
694
597
695
598
696
599
697
600
698
601
699
602
700
603
701
604
702
605
703
606
704
607
705
608
706
609
707
610
708
611
709
612
710
613
711
614
712
615
713
616
714
617
715
618
716
619
717
620
718
621
719
622
720
623
721
624
722
625
723
626
724
627
725
628
726
629
727
630
728
631
729
632
730
633
731
634
732
635
733
636
734
637
735
638
736
639
737
640
738
641
739
642
740
643
741
644
742
645
743
646
744
647
745
648
746
649
747
650
748
651
749
652
750
653
751
654
752
655
753
656
754
657
755
658
756
659
757
660
758
661
759
662
760
663
761
664
762
665
763
666
764
667
765
668
766
669
767
670
768
671
769
672
770
673
771
674
772
675
773
676
774
677
775
678
776
679
777
680
778
681
779
682
780
683
781
684
782
685
783
686
784
687
785
688
786
689
787
690
788
691
789
692
790
791
694
792
695
793
696
794
697
795
698
796
699
797
700
798
701
799
702
800
703
801
704
802
705
803
706
804
707
805
708
806
709
807
710
808
711
809
712
810
713
811
714
812
715
813
716
814
717
815
718
816
719
817
720
818
721
819
722
820
723
821
724
822
725
823
726
824
727
825
728
826
729
827
730
828
731
829
732
830
733
831
734
832
735
833
736
834
737
835
738
836
739
837
740
838
741
839
742
840
743
841
744
842
745
843
746
844
747
845
748
846
749
847
750
848
751
849
752
850
753
851
754
852
755
853
756
854
757
855
758
856
759
857
760
858
761
859
762
860
763
861
764
862
765
863
766
864
767
865
768
866
769
867
770
868
771
869
772
870
773
871
774
872
775
873
776
874
777
875
778
876
779
877
780
878
781
879
782
880
783
881
784
882
785
883
786
884
787
885
788
886
789
887
790
888
791
889
890
793
891
794
892
795
893
796
894
797
895
798
896
799
897
800
898
801
899
802
900
803
901
804
902
805
903
806
904
807
905
808
906
809
907
810
908
811
909
812
910
813
911
814
912
815
913
816
914
817
915
818
916
819
917
820
918
821
919
822
920
823
921
824
922
825
923
826
924
827
925
828
926
829
927
830
928
831
929
832
930
833
931
834
932
835
933
836
934
837
935
838
936
839
937
840
938
841
939
842
940
843
941
844
942
845
943
846
944
847
945
848
946
849
947
850
948
851
949
852
950
853
951
854
952
855
953
856
954
857
955
858
956
859
957
860
958
861
959
862
960
863
961
864
962
865
963
866
964
867
965
868
966
869
967
870
968
871
969
872
970
873
971
874
972
875
973
876
974
877
975
878
976
879
977
880
978
881
979
882
980
883
981
884
982
885
983
886
984
887
985
888
986
889
987
890
988
989
892
990
893
991
894
992
895
993
896
994
897
995
898
996
899
997
900
998
901
999
902
1000
903
1001
904
1002
905
1003
906
1004
907
1005
908
1006
909
1007
910
1008
911
1009
912
1010
913
1011
914
1012
915
1013
916
1014
917
1015
918
1016
919
1017
920
1018
921
1019
922
1020
923
1021
924
1022
925
1023
926
1024
927
1025
928
1026
929
1027
930
1028
931
1029
932
1030
933
1031
934
1032
935
1033
936
1034
937
1035
938
1036
939
1037
940
1038
941
1039
942
1040
943
1041
944
1042
945
1043
946
1044
947
1045
948
1046
949
1047
950
1048
951
1049
952
1050
953
1051
954
1052
955
1053
956
1054
957
1055
958
1056
959
1057
960
1058
961
1059
962
1060
963
1061
964
1062
965
1063
966
1064
967
1065
968
1066
969
1067
970
1068
971
1069
972
1070
973
1071
974
1072
975
1073
976
1074
977
1075
978
1076
979
1077
980
1078
981
1079
982
1080
983
1081
984
1082
985
1083
986
1084
987
1085
988
1086
989
1087
1088
991
1089
992
1090
993
1091
994
1092
995
1093
996
1094
997
1095
998
1096
999
1097
1000
1098
1001
1099
1002
1100
1003
1101
1004
1102
1005
1103
1006
1104
1007
1105
1008
1106
1009
1107
1010
1108
1011
1109
1012
1110
1013
1111
1014
1112
1015
1113
1016
1114
1017
1115
1018
1116
1019
1117
1020
1118
1021
1119
1022
1120
1023
1121
1024
1122
1025
1123
1026
1124
1027
1125
1028
1126
1029
1127
1030
1128
1031
1129
1032
1130
1033
1131
1034
1132
1035
1133
1036
1134
1037
1135
1038
1136
1039
1137
1040
1138
1041
1139
1042
1140
1043
1141
1044
1142
1045
1143
1046
1144
1047
1145
1048
1146
1049
1147
1050
1148
1051
1149
1052
1150
1053
1151
1054
1152
1055
1153
1056
1154
1057
1155
1058
1156
1059
1157
1060
1158
1061
1159
1062
1160
1063
1161
1064
1162
1065
1163
1066
1164
1067
1165
1068
1166
1069
1167
1070
1168
1071
1169
1072
1170
1073
1171
1074
1172
1075
1173
1076
1174
1077
1175
1078
1176
1079
1177
1080
1178
1081
1179
1082
1180
1083
1181
1084
1182
1085
1183
1086
1184
1087
1185
1088
1186
1187
1090
1188
1091
1189
1092
1190
1093
1191
1094
1192
1095
1193
1096
1194
1097
1195
1098
1196
1099
1197
1100
1198
1101
1199
1102
1200
1103
1201
1104
1202
1105
1203
1106
1204
1107
1205
1108
1206
1109
1207
1110
1208
1111
1209
1112
1210
1113
1211
1114
1212
1115
1213
1116
1214
1117
1215
1118
1216
1119
1217
1120
1218
1121
1219
1122
1220
1123
1221
1124
1222
1125
1223
1126
1224
1127
1225
1128
1226
1129
1227
1130
1228
1131
1229
1132
1230
1133
1231
1134
1232
1135
1233
1136
1234
1137
1235
1138
1236
1139
1237
1140
1238
1141
1239
1142
1240
1143
1241
1144
1242
1145
1243
1146
1244
1147
1245
1148
1246
1149
1247
1150
1248
1151
1249
1152
1250
1153
1251
1154
1252
1155
1253
1156
1254
1157
1255
1158
1256
1159
1257
1160
1258
1161
1259
1162
1260
1163
1261
1164
1262
1165
1263
1166
1264
1167
1265
1168
1266
1169
1267
1170
1268
1171
1269
1172
1270
1173
1271
1174
1272
1175
1273
1176
1274
1177
1275
1178
1276
1179
1277
1180
1278
1181
1279
1182
1280
1183
1281
1184
1282
1185
1283
1186
1284
1187
1285
1286
1189
1287
1190
1288
1191
1289
1192
1290
1193
1291
1194
1292
1195
1293
1196
1294
1197
1295
1198
1296
1199
1297
1200
1298
1201
1299
1202
1300
1203
1301
1204
1302
1205
1303
1206
1304
1207
1305
1208
1306
1209
1307
1210
1308
1211
1309
1212
1310
1213
1311
1214
1312
1215
1313
1216
1314
1217
1315
1218
1316
1219
1317
1220
1318
1221
1319
1222
1320
1223
1321
1224
1322
1225
1323
1226
1324
1227
1325
1228
1326
1229
1327
1230
1328
1231
1329
1232
1330
1233
1331
1234
1332
1235
1333
1236
1334
1237
1335
1238
1336
1239
1337
1240
1338
1241
1339
1242
1340
1243
1341
1244
1342
1245
1343
1246
1344
1247
1345
1248
1346
1249
1347
1250
1348
1251
1349
1252
1350
1253
1351
1254
1352
1255
1353
1256
1354
1257
1355
1258
1356
1259
1357
1260
1358
1261
1359
1262
1360
1263
1361
1264
1362
1265
1363
1266
1364
1267
1365
1268
1366
1269
1367
1270
1368
1271
1369
1272
1370
1273
1371
1274
1372
1275
1373
1276
1374
1277
1375
1278
1376
1279
1377
1280
1378
1281
1379
1282
1380
1283
1381
1284
1382
1285
1383
1286
1384
1385
1288
1386
1289
1387
1290
1388
1291
1389
1292
1390
1293
1391
1294
1392
1295
1393
1296
1394
1297
1395
1298
1396
1299
1397
1300
1398
1301
1399
1302
1400
1303
1401
1304
1402
1305
1403
1306
1404
1307
1405
1308
1406
1309
1407
1310
1408
1311
1409
1312
1410
1313
1411
1314
1412
1315
1413
1316
1414
1317
1415
1318
1416
1319
1417
1320
1418
1321
1419
1322
1420
1323
1421
1324
1422
1325
1423
1326
1424
1327
1425
1328
1426
1329
1427
1330
1428
1331
1429
1332
1430
1333
1431
1334
1432
1335
1433
1336
1434
1337
1435
1338
1436
1339
1437
1340
1438
1341
1439
1342
1440
1343
1441
1344
1442
1345
1443
1346
1444
1347
1445
1348
1446
1349
1447
1350
1448
1351
1449
1352
1450
1353
1451
1354
1452
1355
1453
1356
1454
1357
1455
1358
1456
1359
1457
1360
1458
1361
1459
1362
1460
1363
1461
1364
1462
1365
1463
1366
1464
1367
1465
1368
1466
1369
1467
1370
1468
1371
1469
1372
1470
1373
1471
1374
1472
1375
1473
1376
1474
1377
1475
1378
1476
1379
1477
1380
1478
1381
1479
1382
1480
1383
1481
1384
1482
1385
1483
1484
1387
1485
1388
1486
1389
1487
1390
1488
1391
1489
1392
1490
1393
1491
1394
1492
1395
1493
1396
1494
1397
1495
1398
1496
1399
1497
1400
1498
1401
1499
1402
1500
1403
1501
1404
1502
1405
1503
1406
1504
1407
1505
1408
1506
1409
1507
1410
1508
1411
1509
1412
1510
1413
1511
1414
1512
1415
1513
1416
1514
1417
1515
1418
1516
1419
1517
1420
1518
1421
1519
1422
1520
1423
1521
1424
1522
1425
1523
1426
1524
1427
1525
1428
1526
1429
1527
1430
1528
1431
1529
1432
1530
1433
1531
1434
1532
1435
1533
1436
1534
1437
1535
1438
1536
1439
1537
1440
1538
1441
1539
1442
1540
1443
1541
1444
1542
1445
1543
1446
1544
1447
1545
1448
1546
1449
1547
1450
1548
1451
1549
1452
1550
1453
1551
1454
1552
1455
1553
1456
1554
1457
1555
1458
1556
1459
1557
1460
1558
1461
1559
1462
1560
1463
1561
1464
1562
1465
1563
1466
1564
1467
1565
1468
1566
1469
1567
1470
1568
1471
1569
1472
1570
1473
1571
1474
1572
1475
1573
1476
1574
1477
1575
1478
1576
1479
1577
1480
1578
1481
1579
1482
1580
1483
1581
1484
1582
1583
1486
1584
1487
1585
1488
1586
1489
1587
1490
1588
1491
1589
1492
1590
1493
1591
1494
1592
1495
1593
1496
1594
1497
1595
1498
1596
1499
1597
1500
1598
1501
1599
1502
1600
1503
1601
1504
1602
1505
1603
1506
1604
1507
1605
1508
1606
1509
1607
1510
1608
1511
1609
1512
1610
1513
1611
1514
1612
1515
1613
1516
1614
1517
1615
1518
1616
1519
1617
1520
1618
1521
1619
1522
1620
1523
1621
1524
1622
1525
1623
1526
1624
1527
1625
1528
1626
1529
1627
1530
1628
1531
1629
1532
1630
1533
1631
1534
1632
1535
1633
1536
1634
1537
1635
1538
1636
1539
1637
1540
1638
1541
1639
1542
1640
1543
1641
1544
1642
1545
1643
1546
1644
1547
1645
1548
1646
1549
1647
1550
1648
1551
1649
1552
1650
1553
1651
1554
1652
1555
1653
1556
1654
1557
1655
1558
1656
1559
1657
1560
1658
1561
1659
1562
1660
1563
1661
1564
1662
1565
1663
1566
1664
1567
1665
1568
1666
1569
1667
1570
1668
1571
1669
1572
1670
1573
1671
1574
1672
1575
1673
1576
1674
1577
1675
1578
1676
1579
1677
1580
1678
1581
1679
1582
1680
1583
1681
1682
1585
1683
1586
1684
1587
1685
1588
1686
1589
1687
1590
1688
1591
1689
1592
1690
1593
1691
1594
1692
1595
1693
1596
1694
1597
1695
1598
1696
1599
1697
1600
1698
1601
1699
1602
1700
1603
1701
1604
1702
1605
1703
1606
1704
1607
1705
1608
1706
1609
1707
1610
1708
1611
1709
1612
1710
1613
1711
1614
1712
1615
1713
1616
1714
1617
1715
1618
1716
1619
1717
1620
1718
1621
1719
1622
1720
1623
1721
1624
1722
1625
1723
1626
1724
1627
1725
1628
1726
1629
1727
1630
1728
1631
1729
1632
1730
1633
1731
1634
1732
1635
1733
1636
1734
1637
1735
1638
1736
1639
1737
1640
1738
1641
1739
1642
1740
1643
1741
1644
1742
1645
1743
1646
1744
1647
1745
1648
1746
1649
1747
1650
1748
1651
1749
1652
1750
1653
1751
1654
1752
1655
1753
1656
1754
1657
1755
1658
1756
1659
1757
1660
1758
1661
1759
1662
1760
1663
1761
1664
1762
1665
1763
1666
1764
1667
1765
1668
1766
1669
1767
1670
1768
1671
1769
1672
1770
1673
1771
1674
1772
1675
1773
1676
1774
1677
1775
1678
1776
1679
1777
1680
1778
1681
1779
1682
1780
1781
1684
1782
1685
1783
1686
1784
1687
1785
1688
1786
1689
1787
1690
1788
1691
1789
1692
1790
1693
1791
1694
1792
1695
1793
1696
1794
1697
1795
1698
1796
1699
1797
1700
1798
1701
1799
1702
1800
1703
1801
1704
1802
1705
1803
1706
1804
1707
1805
1708
1806
1709
1807
1710
1808
1711
1809
1712
1810
1713
1811
1714
1812
1715
1813
1716
1814
1717
1815
1718
1816
1719
1817
1720
1818
1721
1819
1722
1820
1723
1821
1724
1822
1725
1823
1726
1824
1727
1825
1728
1826
1729
1827
1730
1828
1731
1829
1732
1830
1733
1831
1734
1832
1735
1833
1736
1834
1737
1835
1738
1836
1739
1837
1740
1838
1741
1839
1742
1840
1743
1841
1744
1842
1745
1843
1746
1844
1747
1845
1748
1846
1749
1847
1750
1848
1751
1849
1752
1850
1753
1851
1754
1852
1755
1853
1756
1854
1757
1855
1758
1856
1759
1857
1760
1858
1761
1859
1762
1860
1763
1861
1764
1862
1765
1863
1766
1864
1767
1865
1768
1866
1769
1867
1770
1868
1771
1869
1772
1870
1773
1871
1774
1872
1775
1873
1776
1874
1777
1875
1778
1876
1779
1877
1780
1878
1781
1879
1880
1783
1881
1784
1882
1785
1883
1786
1884
1787
1885
1788
1886
1789
1887
1790
1888
1791
1889
1792
1890
1793
1891
1794
1892
1795
1893
1796
1894
1797
1895
1798
1896
1799
1897
1800
1898
1801
1899
1802
1900
1803
1901
1804
1902
1805
1903
1806
1904
1807
1905
1808
1906
1809
1907
1810
1908
1811
1909
1812
1910
1813
1911
1814
1912
1815
1913
1816
1914
1817
1915
1818
1916
1819
1917
1820
1918
1821
1919
1822
1920
1823
1921
1824
1922
1825
1923
1826
1924
1827
1925
1828
1926
1829
1927
1830
1928
1831
1929
1832
1930
1833
1931
1834
1932
1835
1933
1836
1934
1837
1935
1838
1936
1839
1937
1840
1938
1841
1939
1842
1940
1843
1941
1844
1942
1845
1943
1846
1944
1847
1945
1848
1946
1849
1947
1850
1948
1851
1949
1852
1950
1853
1951
1854
1952
1855
1953
1856
1954
1857
1955
1858
1956
1859
1957
1860
1958
1861
1959
1862
1960
1863
1961
1864
1962
1865
1963
1866
1964
1867
1965
1868
1966
1869
1967
1870
1968
1871
1969
1872
1970
1873
1971
1874
1972
1875
1973
1876
1974
1877
1975
1878
1976
1879
1977
1880
1978
1979
1882
1980
1883
1981
1884
1982
1885
1983
1886
1984
1887
1985
1888
1986
1889
1987
1890
1988
1891
1989
1892
1990
1893
1991
1894
1992
1895
1993
1896
1994
1897
1995
1898
1996
1899
1997
1900
1998
1901
1999
1902
2000
1903
2001
1904
2002
1905
2003
1906
2004
1907
2005
1908
2006
1909
2007
1910
2008
1911
2009
1912
2010
1913
2011
1914
2012
1915
2013
1916
2014
1917
2015
1918
2016
1919
2017
1920
2018
1921
2019
1922
2020
1923
2021
1924
2022
1925
2023
1926
2024
1927
2025
1928
2026
1929
2027
1930
2028
1931
2029
1932
2030
1933
2031
1934
2032
1935
2033
1936
2034
1937
2035
1938
2036
1939
2037
1940
2038
1941
2039
1942
2040
1943
2041
1944
2042
1945
2043
1946
2044
1947
2045
1948
2046
1949
2047
1950
2048
1951
2049
1952
2050
1953
2051
1954
2052
1955
2053
1956
2054
1957
2055
1958
2056
1959
2057
1960
2058
1961
2059
1962
2060
1963
2061
1964
2062
1965
2063
1966
2064
1967
2065
1968
2066
1969
2067
1970
2068
1971
2069
1972
2070
1973
2071
1974
2072
1975
2073
1976
2074
1977
2075
1978
2076
1979
2077
2078
1981
2079
1982
2080
1983
2081
1984
2082
1985
2083
1986
2084
1987
2085
1988
2086
1989
2087
1990
2088
1991
2089
1992
2090
1993
2091
1994
2092
1995
2093
1996
2094
1997
2095
1998
2096
1999
2097
2000
2098
2001
2099
2002
2100
2003
2101
2004
2102
2005
2103
2006
2104
2007
2105
2008
2106
2009
2107
2010
2108
2011
2109
2012
2110
2013
2111
2014
2112
2015
2113
2016
2114
2017
2115
2018
2116
2019
2117
2020
2118
2021
2119
2022
2120
2023
2121
2024
2122
2025
2123
2026
2124
2027
2125
2028
2126
2029
2127
2030
2128
2031
2129
2032
2130
2033
2131
2034
2132
2035
2133
2036
2134
2037
2135
2038
2136
2039
2137
2040
2138
2041
2139
2042
2140
2043
2141
2044
2142
2045
2143
2046
2144
2047
2145
2048
2146
2049
2147
2050
2148
2051
2149
2052
2150
2053
2151
2054
2152
2055
2153
2056
2154
2057
2155
2058
2156
2059
2157
2060
2158
2061
2159
2062
2160
2063
2161
2064
2162
2065
2163
2066
2164
2067
2165
2068
2166
2069
2167
2070
2168
2071
2169
2072
2170
2073
2171
2074
2172
2075
2173
2076
2174
2077
2175
2078
2176
2177
2080
2178
2081
2179
2082
2180
2083
2181
2084
2182
2085
2183
2086
2184
2087
2185
2088
2186
2089
2187
2090
2188
2091
2189
2092
2190
2093
2191
2094
2192
2095
2193
2096
2194
2097
2195
2098
2196
2099
2197
2100
2198
2101
2199
2102
2200
2103
2201
2104
2202
2105
2203
2106
2204
2107
2205
2108
2206
2109
2207
2110
2208
2111
2209
2112
2210
2113
2211
2114
2212
2115
2213
2116
2214
2117
2215
2118
2216
2119
2217
2120
2218
2121
2219
2122
2220
2123
2221
2124
2222
2125
2223
2126
2224
2127
2225
2128
2226
2129
2227
2130
2228
2131
2229
2132
2230
2133
2231
2134
2232
2135
2233
2136
2234
2137
2235
2138
2236
2139
2237
2140
2238
2141
2239
2142
2240
2143
2241
2144
2242
2145
2243
2146
2244
2147
2245
2148
2246
2149
2247
2150
2248
2151
2249
2152
2250
2153
2251
2154
2252
2155
2253
2156
2254
2157
2255
2158
2256
2159
2257
2160
2258
2161
2259
2162
2260
2163
2261
2164
2262
2165
2263
2166
2264
2167
2265
2168
2266
2169
2267
2170
2268
2171
2269
2172
2270
2173
2271
2174
2272
2175
2273
2176
2274
2177
2275
2276
2179
2277
2180
2278
2181
2279
2182
2280
2183
2281
2184
2282
2185
2283
2186
2284
2187
2285
2188
2286
2189
2287
2190
2288
2191
2289
2192
2290
2193
2291
2194
2292
2195
2293
2196
2294
2197
2295
2198
2296
2199
2297
2200
2298
2201
2299
2202
2300
2203
2301
2204
2302
2205
2303
2206
2304
2207
2305
2208
2306
2209
2307
2210
2308
2211
2309
2212
2310
2213
2311
2214
2312
2215
2313
2216
2314
2217
2315
2218
2316
2219
2317
2220
2318
2221
2319
2222
2320
2223
2321
2224
2322
2225
2323
2226
2324
2227
2325
2228
2326
2229
2327
2230
2328
2231
2329
2232
2330
2233
2331
2234
2332
2235
2333
2236
2334
2237
2335
2238
2336
2239
2337
2240
2338
2241
2339
2242
2340
2243
2341
2244
2342
2245
2343
2246
2344
2247
2345
2248
2346
2249
2347
2250
2348
2251
2349
2252
2350
2253
2351
2254
2352
2255
2353
2256
2354
2257
2355
2258
2356
2259
2357
2260
2358
2261
2359
2262
2360
2263
2361
2264
2362
2265
2363
2266
2364
2267
2365
2268
2366
2269
2367
2270
2368
2271
2369
2272
2370
2273
2371
2274
2372
2275
2373
2276
2374
2375
2278
2376
2279
2377
2280
2378
2281
2379
2282
2380
2283
2381
2284
2382
2285
2383
2286
2384
2287
2385
2288
2386
2289
2387
2290
2388
2291
2389
2292
2390
2293
2391
2294
2392
2295
2393
2296
2394
2297
2395
2298
2396
2299
2397
2300
2398
2301
2399
2302
2400
2303
2401
2304
2402
2305
2403
2306
2404
2307
2405
2308
2406
2309
2407
2310
2408
2311
2409
2312
2410
2313
2411
2314
2412
2315
2413
2316
2414
2317
2415
2318
2416
2319
2417
2320
2418
2321
2419
2322
2420
2323
2421
2324
2422
2325
2423
2326
2424
2327
2425
2328
2426
2329
2427
2330
2428
2331
2429
2332
2430
2333
2431
2334
2432
2335
2433
2336
2434
2337
2435
2338
2436
2339
2437
2340
2438
2341
2439
2342
2440
2343
2441
2344
2442
2345
2443
2346
2444
2347
2445
2348
2446
2349
2447
2350
2448
2351
2449
2352
2450
2353
2451
2354
2452
2355
2453
2356
2454
2357
2455
2358
2456
2359
2457
2360
2458
2361
2459
2362
2460
2363
2461
2364
2462
2365
2463
2366
2464
2367
2465
2368
2466
2369
2467
2370
2468
2371
2469
2372
2470
2373
2471
2374
2472
2375
2473
2474
2377
2475
2378
2476
2379
2477
2380
2478
2381
2479
2382
2480
2383
2481
2384
2482
2385
2483
2386
2484
2387
2485
2388
2486
2389
2487
2390
2488
2391
2489
2392
2490
2393
2491
2394
2492
2395
2493
2396
2494
2397
2495
2398
2496
2399
2497
2400
2498
2401
2499
2402
2500
2403
2501
2404
2502
2405
2503
2406
2504
2407
2505
2408
2506
2409
2507
2410
2508
2411
2509
2412
2510
2413
2511
2414
2512
2415
2513
2416
2514
2417
2515
2418
2516
2419
2517
2420
2518
2421
2519
2422
2520
2423
2521
2424
2522
2425
2523
2426
2524
2427
2525
2428
2526
2429
2527
2430
2528
2431
2529
2432
2530
2433
2531
2434
2532
2435
2533
2436
2534
2437
2535
2438
2536
2439
2537
2440
2538
2441
2539
2442
2540
2443
2541
2444
2542
2445
2543
2446
2544
2447
2545
2448
2546
2449
2547
2450
2548
2451
2549
2452
2550
2453
2551
2454
2552
2455
2553
2456
2554
2457
2555
2458
2556
2459
2557
2460
2558
2461
2559
2462
2560
2463
2561
2464
2562
2465
2563
2466
2564
2467
2565
2468
2566
2469
2567
2470
2568
2471
2569
2472
2570
2473
2571
2474
2572
2573
2476
2574
2477
2575
2478
2576
2479
2577
2480
2578
2481
2579
2482
2580
2483
2581
2484
2582
2485
2583
2486
2584
2487
2585
2488
2586
2489
2587
2490
2588
2491
2589
2492
2590
2493
2591
2494
2592
2495
2593
2496
2594
2497
2595
2498
2596
2499
2597
2500
2598
2501
2599
2502
2600
2503
2601
2504
2602
2505
2603
2506
2604
2507
2605
2508
2606
2509
2607
2510
2608
2511
2609
2512
2610
2513
2611
2514
2612
2515
2613
2516
2614
2517
2615
2518
2616
2519
2617
2520
2618
2521
2619
2522
2620
2523
2621
2524
2622
2525
2623
2526
2624
2527
2625
2528
2626
2529
2627
2530
2628
2531
2629
2532
2630
2533
2631
2534
2632
2535
2633
2536
2634
2537
2635
2538
2636
2539
2637
2540
2638
2541
2639
2542
2640
2543
2641
2544
2642
2545
2643
2546
2644
2547
2645
2548
2646
2549
2647
2550
2648
2551
2649
2552
2650
2553
2651
2554
2652
2555
2653
2556
2654
2557
2655
2558
2656
2559
2657
2560
2658
2561
2659
2562
2660
2563
2661
2564
2662
2565
2663
2566
2664
2567
2665
2568
2666
2569
2667
2570
2668
2571
2669
2572
2670
2573
2671
2672
2575
2673
2576
2674
2577
2675
2578
2676
2579
2677
2580
2678
2581
2679
2582
2680
2583
2681
2584
2682
2585
2683
2586
2684
2587
2685
2588
2686
2589
2687
2590
2688
2591
2689
2592
2690
2593
2691
2594
2692
2595
2693
2596
2694
2597
2695
2598
2696
2599
2697
2600
2698
2601
2699
2602
2700
2603
2701
2604
2702
2605
2703
2606
2704
2607
2705
2608
2706
2609
2707
2610
2708
2611
2709
2612
2710
2613
2711
2614
2712
2615
2713
2616
2714
2617
2715
2618
2716
2619
2717
2620
2718
2621
2719
2622
2720
2623
2721
2624
2722
2625
2723
2626
2724
2627
2725
2628
2726
2629
2727
2630
2728
2631
2729
2632
2730
2633
2731
2634
2732
2635
2733
2636
2734
2637
2735
2638
2736
2639
2737
2640
2738
2641
2739
2642
2740
2643
2741
2644
2742
2645
2743
2646
2744
2647
2745
2648
2746
2649
2747
2650
2748
2651
2749
2652
2750
2653
2751
2654
2752
2655
2753
2656
2754
2657
2755
2658
2756
2659
2757
2660
2758
2661
2759
2662
2760
2663
2761
2664
2762
2665
2763
2666
2764
2667
2765
2668
2766
2669
2767
2670
2768
2671
2769
2672
2770
2771
2674
2772
2675
2773
2676
2774
2677
2775
2678
2776
2679
2777
2680
2778
2681
2779
2682
2780
2683
2781
2684
2782
2685
2783
2686
2784
2687
2785
2688
2786
2689
2787
2690
2788
2691
2789
2692
2790
2693
2791
2694
2792
2695
2793
2696
2794
2697
2795
2698
2796
2699
2797
2700
2798
2701
2799
2702
2800
2703
2801
2704
2802
2705
2803
2706
2804
2707
2805
2708
2806
2709
2807
2710
2808
2711
2809
2712
2810
2713
2811
2714
2812
2715
2813
2716
2814
2717
2815
2718
2816
2719
2817
2720
2818
2721
2819
2722
2820
2723
2821
2724
2822
2725
2823
2726
2824
2727
2825
2728
2826
2729
2827
2730
2828
2731
2829
2732
2830
2733
2831
2734
2832
2735
2833
2736
2834
2737
2835
2738
2836
2739
2837
2740
2838
2741
2839
2742
2840
2743
2841
2744
2842
2745
2843
2746
2844
2747
2845
2748
2846
2749
2847
2750
2848
2751
2849
2752
2850
2753
2851
2754
2852
2755
2853
2756
2854
2757
2855
2758
2856
2759
2857
2760
2858
2761
2859
2762
2860
2763
2861
2764
2862
2765
2863
2766
2864
2767
2865
2768
2866
2769
2867
2770
2868
2771
2869
2870
2773
2871
2774
2872
2775
2873
2776
2874
2777
2875
2778
2876
2779
2877
2780
2878
2781
2879
2782
2880
2783
2881
2784
2882
2785
2883
2786
2884
2787
2885
2788
2886
2789
2887
2790
2888
2791
2889
2792
2890
2793
2891
2794
2892
2795
2893
2796
2894
2797
2895
2798
2896
2799
2897
2800
2898
2801
2899
2802
2900
2803
2901
2804
2902
2805
2903
2806
2904
2807
2905
2808
2906
2809
2907
2810
2908
2811
2909
2812
2910
2813
2911
2814
2912
2815
2913
2816
2914
2817
2915
2818
2916
2819
2917
2820
2918
2821
2919
2822
2920
2823
2921
2824
2922
2825
2923
2826
2924
2827
2925
2828
2926
2829
2927
2830
2928
2831
2929
2832
2930
2833
2931
2834
2932
2835
2933
2836
2934
2837
2935
2838
2936
2839
2937
2840
2938
2841
2939
2842
2940
2843
2941
2844
2942
2845
2943
2846
2944
2847
2945
2848
2946
2849
2947
2850
2948
2851
2949
2852
2950
2853
2951
2854
2952
2855
2953
2856
2954
2857
2955
2858
2956
2859
2957
2860
2958
2861
2959
2862
2960
2863
2961
2864
2962
2865
2963
2866
2964
2867
2965
2868
2966
2869
2967
2870
2968
2969
2872
2970
2873
2971
2874
2972
2875
2973
2876
2974
2877
2975
2878
2976
2879
2977
2880
2978
2881
2979
2882
2980
2883
2981
2884
2982
2885
2983
2886
2984
2887
2985
2888
2986
2889
2987
2890
2988
2891
2989
2892
2990
2893
2991
2894
2992
2895
2993
2896
2994
2897
2995
2898
2996
2899
2997
2900
2998
2901
2999
2902
3000
2903
3001
2904
3002
2905
3003
2906
3004
2907
3005
2908
3006
2909
3007
2910
3008
2911
3009
2912
3010
2913
3011
2914
3012
2915
3013
2916
3014
2917
3015
2918
3016
2919
3017
2920
3018
2921
3019
2922
3020
2923
3021
2924
3022
2925
3023
2926
3024
2927
3025
2928
3026
2929
3027
2930
3028
2931
3029
2932
3030
2933
3031
2934
3032
2935
3033
2936
3034
2937
3035
2938
3036
2939
3037
2940
3038
2941
3039
2942
3040
2943
3041
2944
3042
2945
3043
2946
3044
2947
3045
2948
3046
2949
3047
2950
3048
2951
3049
2952
3050
2953
3051
2954
3052
2955
3053
2956
3054
2957
3055
2958
3056
2959
3057
2960
3058
2961
3059
2962
3060
2963
3061
2964
3062
2965
3063
2966
3064
2967
3065
2968
3066
2969
3067
3068
2971
3069
2972
3070
2973
3071
2974
3072
2975
3073
2976
3074
2977
3075
2978
3076
2979
3077
2980
3078
2981
3079
2982
3080
2983
3081
2984
3082
2985
3083
2986
3084
2987
3085
2988
3086
2989
3087
2990
3088
2991
3089
2992
3090
2993
3091
2994
3092
2995
3093
2996
3094
2997
3095
2998
3096
2999
3097
3000
3098
3001
3099
3002
3100
3003
3101
3004
3102
3005
3103
3006
3104
3007
3105
3008
3106
3009
3107
3010
3108
3011
3109
3012
3110
3013
3111
3014
3112
3015
3113
3016
3114
3017
3115
3018
3116
3019
3117
3020
3118
3021
3119
3022
3120
3023
3121
3024
3122
3025
3123
3026
3124
3027
3125
3028
3126
3029
3127
3030
3128
3031
3129
3032
3130
3033
3131
3034
3132
3035
3133
3036
3134
3037
3135
3038
3136
3039
3137
3040
3138
3041
3139
3042
3140
3043
3141
3044
3142
3045
3143
3046
3144
3047
3145
3048
3146
3049
3147
3050
3148
3051
3149
3052
3150
3053
3151
3054
3152
3055
3153
3056
3154
3057
3155
3058
3156
3059
3157
3060
3158
3061
3159
3062
3160
3063
3161
3064
3162
3065
3163
3066
3164
3067
3165
3068
3166
3167
3070
3168
3071
3169
3072
3170
3073
3171
3074
3172
3075
3173
3076
3174
3077
3175
3078
3176
3079
3177
3080
3178
3081
3179
3082
3180
3083
3181
3084
3182
3085
3183
3086
3184
3087
3185
3088
3186
3089
3187
3090
3188
3091
3189
3092
3190
3093
3191
3094
3192
3095
3193
3096
3194
3097
3195
3098
3196
3099
3197
3100
3198
3101
3199
3102
3200
3103
3201
3104
3202
3105
3203
3106
3204
3107
3205
3108
3206
3109
3207
3110
3208
3111
3209
3112
3210
3113
3211
3114
3212
3115
3213
3116
3214
3117
3215
3118
3216
3119
3217
3120
3218
3121
3219
3122
3220
3123
3221
3124
3222
3125
3223
3126
3224
3127
3225
3128
3226
3129
3227
3130
3228
3131
3229
3132
3230
3133
3231
3134
3232
3135
3233
3136
3234
3137
3235
3138
3236
3139
3237
3140
3238
3141
3239
3142
3240
3143
3241
3144
3242
3145
3243
3146
3244
3147
3245
3148
3246
3149
3247
3150
3248
3151
3249
3152
3250
3153
3251
3154
3252
3155
3253
3156
3254
3157
3255
3158
3256
3159
3257
3160
3258
3161
3259
3162
3260
3163
3261
3164
3262
3165
3263
3166
3264
3167
3265
3266
3169
3267
3170
3268
3171
3269
3172
3270
3173
3271
3174
3272
3175
3273
3176
3274
3177
3275
3178
3276
3179
3277
3180
3278
3181
3279
3182
3280
3183
3281
3184
3282
3185
3283
3186
3284
3187
3285
3188
3286
3189
3287
3190
3288
3191
3289
3192
3290
3193
3291
3194
3292
3195
3293
3196
3294
3197
3295
3198
3296
3199
3297
3200
3298
3201
3299
3202
3300
3203
3301
3204
3302
3205
3303
3206
3304
3207
3305
3208
3306
3209
3307
3210
3308
3211
3309
3212
3310
3213
3311
3214
3312
3215
3313
3216
3314
3217
3315
3218
3316
3219
3317
3220
3318
3221
3319
3222
3320
3223
3321
3224
3322
3225
3323
3226
3324
3227
3325
3228
3326
3229
3327
3230
3328
3231
3329
3232
3330
3233
3331
3234
3332
3235
3333
3236
3334
3237
3335
3238
3336
3239
3337
3240
3338
3241
3339
3242
3340
3243
3341
3244
3342
3245
3343
3246
3344
3247
3345
3248
3346
3249
3347
3250
3348
3251
3349
3252
3350
3253
3351
3254
3352
3255
3353
3256
3354
3257
3355
3258
3356
3259
3357
3260
3358
3261
3359
3262
3360
3263
3361
3264
3362
3265
3363
3266
3364
3365
3268
3366
3269
3367
3270
3368
3271
3369
3272
3370
3273
3371
3274
3372
3275
3373
3276
3374
3277
3375
3278
3376
3279
3377
3280
3378
3281
3379
3282
3380
3283
3381
3284
3382
3285
3383
3286
3384
3287
3385
3288
3386
3289
3387
3290
3388
3291
3389
3292
3390
3293
3391
3294
3392
3295
3393
3296
3394
3297
3395
3298
3396
3299
3397
3300
3398
3301
3399
3302
3400
3303
3401
3304
3402
3305
3403
3306
3404
3307
3405
3308
3406
3309
3407
3310
3408
3311
3409
3312
3410
3313
3411
3314
3412
3315
3413
3316
3414
3317
3415
3318
3416
3319
3417
3320
3418
3321
3419
3322
3420
3323
3421
3324
3422
3325
3423
3326
3424
3327
3425
3328
3426
3329
3427
3330
3428
3331
3429
3332
3430
3333
3431
3334
3432
3335
3433
3336
3434
3337
3435
3338
3436
3339
3437
3340
3438
3341
3439
3342
3440
3343
3441
3344
3442
3345
3443
3346
3444
3347
3445
3348
3446
3349
3447
3350
3448
3351
3449
3352
3450
3353
3451
3354
3452
3355
3453
3356
3454
3357
3455
3358
3456
3359
3457
3360
3458
3361
3459
3362
3460
3363
3461
3364
3462
3365
3463
3464
3367
3465
3368
3466
3369
3467
3370
3468
3371
3469
3372
3470
3373
3471
3374
3472
3375
3473
3376
3474
3377
3475
3378
3476
3379
3477
3380
3478
3381
3479
3382
3480
3383
3481
3384
3482
3385
3483
3386
3484
3387
3485
3388
3486
3389
3487
3390
3488
3391
3489
3392
3490
3393
3491
3394
3492
3395
3493
3396
3494
3397
3495
3398
3496
3399
3497
3400
3498
3401
3499
3402
3500
3403
3501
3404
3502
3405
3503
3406
3504
3407
3505
3408
3506
3409
3507
3410
3508
3411
3509
3412
3510
3413
3511
3414
3512
3415
3513
3416
3514
3417
3515
3418
3516
3419
3517
3420
3518
3421
3519
3422
3520
3423
3521
3424
3522
3425
3523
3426
3524
3427
3525
3428
3526
3429
3527
3430
3528
3431
3529
3432
3530
3433
3531
3434
3532
3435
3533
3436
3534
3437
3535
3438
3536
3439
3537
3440
3538
3441
3539
3442
3540
3443
3541
3444
3542
3445
3543
3446
3544
3447
3545
3448
3546
3449
3547
3450
3548
3451
3549
3452
3550
3453
3551
3454
3552
3455
3553
3456
3554
3457
3555
3458
3556
3459
3557
3460
3558
3461
3559
3462
3560
3463
3561
3464
3562
3563
3466
3564
3467
3565
3468
3566
3469
3567
3470
3568
3471
3569
3472
3570
3473
3571
3474
3572
3475
3573
3476
3574
3477
3575
3478
3576
3479
3577
3480
3578
3481
3579
3482
3580
3483
3581
3484
3582
3485
3583
3486
3584
3487
3585
3488
3586
3489
3587
3490
3588
3491
3589
3492
3590
3493
3591
3494
3592
3495
3593
3496
3594
3497
3595
3498
3596
3499
3597
3500
3598
3501
3599
3502
3600
3503
3601
3504
3602
3505
3603
3506
3604
3507
3605
3508
3606
3509
3607
3510
3608
3511
3609
3512
3610
3513
3611
3514
3612
3515
3613
3516
3614
3517
3615
3518
3616
3519
3617
3520
3618
3521
3619
3522
3620
3523
3621
3524
3622
3525
3623
3526
3624
3527
3625
3528
3626
3529
3627
3530
3628
3531
3629
3532
3630
3533
3631
3534
3632
3535
3633
3536
3634
3537
3635
3538
3636
3539
3637
3540
3638
3541
3639
3542
3640
3543
3641
3544
3642
3545
3643
3546
3644
3547
3645
3548
3646
3549
3647
3550
3648
3551
3649
3552
3650
3553
3651
3554
3652
3555
3653
3556
3654
3557
3655
3558
3656
3559
3657
3560
3658
3561
3659
3562
3660
3563
3661
3662
3565
3663
3566
3664
3567
3665
3568
3666
3569
3667
3570
3668
3571
3669
3572
3670
3573
3671
3574
3672
3575
3673
3576
3674
3577
3675
3578
3676
3579
3677
3580
3678
3581
3679
3582
3680
3583
3681
3584
3682
3585
3683
3586
3684
3587
3685
3588
3686
3589
3687
3590
3688
3591
3689
3592
3690
3593
3691
3594
3692
3595
3693
3596
3694
3597
3695
3598
3696
3599
3697
3600
3698
3601
3699
3602
3700
3603
3701
3604
3702
3605
3703
3606
3704
3607
3705
3608
3706
3609
3707
3610
3708
3611
3709
3612
3710
3613
3711
3614
3712
3615
3713
3616
3714
3617
3715
3618
3716
3619
3717
3620
3718
3621
3719
3622
3720
3623
3721
3624
3722
3625
3723
3626
3724
3627
3725
3628
3726
3629
3727
3630
3728
3631
3729
3632
3730
3633
3731
3634
3732
3635
3733
3636
3734
3637
3735
3638
3736
3639
3737
3640
3738
3641
3739
3642
3740
3643
3741
3644
3742
3645
3743
3646
3744
3647
3745
3648
3746
3649
3747
3650
3748
3651
3749
3652
3750
3653
3751
3654
3752
3655
3753
3656
3754
3657
3755
3658
3756
3659
3757
3660
3758
3661
3759
3662
3760
3761
3664
3762
3665
3763
3666
3764
3667
3765
3668
3766
3669
3767
3670
3768
3671
3769
3672
3770
3673
3771
3674
3772
3675
3773
3676
3774
3677
3775
3678
3776
3679
3777
3680
3778
3681
3779
3682
3780
3683
3781
3684
3782
3685
3783
3686
3784
3687
3785
3688
3786
3689
3787
3690
3788
3691
3789
3692
3790
3693
3791
3694
3792
3695
3793
3696
3794
3697
3795
3698
3796
3699
3797
3700
3798
3701
3799
3702
3800
3703
3801
3704
3802
3705
3803
3706
3804
3707
3805
3708
3806
3709
3807
3710
3808
3711
3809
3712
3810
3713
3811
3714
3812
3715
3813
3716
3814
3717
3815
3718
3816
3719
3817
3720
3818
3721
3819
3722
3820
3723
3821
3724
3822
3725
3823
3726
3824
3727
3825
3728
3826
3729
3827
3730
3828
3731
3829
3732
3830
3733
3831
3734
3832
3735
3833
3736
3834
3737
3835
3738
3836
3739
3837
3740
3838
3741
3839
3742
3840
3743
3841
3744
3842
3745
3843
3746
3844
3747
3845
3748
3846
3749
3847
3750
3848
3751
3849
3752
3850
3753
3851
3754
3852
3755
3853
3756
3854
3757
3855
3758
3856
3759
3857
3760
3858
3761
3859
3860
3763
3861
3764
3862
3765
3863
3766
3864
3767
3865
3768
3866
3769
3867
3770
3868
3771
3869
3772
3870
3773
3871
3774
3872
3775
3873
3776
3874
3777
3875
3778
3876
3779
3877
3780
3878
3781
3879
3782
3880
3783
3881
3784
3882
3785
3883
3786
3884
3787
3885
3788
3886
3789
3887
3790
3888
3791
3889
3792
3890
3793
3891
3794
3892
3795
3893
3796
3894
3797
3895
3798
3896
3799
3897
3800
3898
3801
3899
3802
3900
3803
3901
3804
3902
3805
3903
3806
3904
3807
3905
3808
3906
3809
3907
3810
3908
3811
3909
3812
3910
3813
3911
3814
3912
3815
3913
3816
3914
3817
3915
3818
3916
3819
3917
3820
3918
3821
3919
3822
3920
3823
3921
3824
3922
3825
3923
3826
3924
3827
3925
3828
3926
3829
3927
3830
3928
3831
3929
3832
3930
3833
3931
3834
3932
3835
3933
3836
3934
3837
3935
3838
3936
3839
3937
3840
3938
3841
3939
3842
3940
3843
3941
3844
3942
3845
3943
3846
3944
3847
3945
3848
3946
3849
3947
3850
3948
3851
3949
3852
3950
3853
3951
3854
3952
3855
3953
3856
3954
3857
3955
3858
3956
3859
3957
3860
3958
3959
3862
3960
3863
3961
3864
3962
3865
3963
3866
3964
3867
3965
3868
3966
3869
3967
3870
3968
3871
3969
3872
3970
3873
3971
3874
3972
3875
3973
3876
3974
3877
3975
3878
3976
3879
3977
3880
3978
3881
3979
3882
3980
3883
3981
3884
3982
3885
3983
3886
3984
3887
3985
3888
3986
3889
3987
3890
3988
3891
3989
3892
3990
3893
3991
3894
3992
3895
3993
3896
3994
3897
3995
3898
3996
3899
3997
3900
3998
3901
3999
3902
4000
3903
4001
3904
4002
3905
4003
3906
4004
3907
4005
3908
4006
3909
4007
3910
4008
3911
4009
3912
4010
3913
4011
3914
4012
3915
4013
3916
4014
3917
4015
3918
4016
3919
4017
3920
4018
3921
4019
3922
4020
3923
4021
3924
4022
3925
4023
3926
4024
3927
4025
3928
4026
3929
4027
3930
4028
3931
4029
3932
4030
3933
4031
3934
4032
3935
4033
3936
4034
3937
4035
3938
4036
3939
4037
3940
4038
3941
4039
3942
4040
3943
4041
3944
4042
3945
4043
3946
4044
3947
4045
3948
4046
3949
4047
3950
4048
3951
4049
3952
4050
3953
4051
3954
4052
3955
4053
3956
4054
3957
4055
3958
4056
3959
4057
4058
3961
4059
3962
4060
3963
4061
3964
4062
3965
4063
3966
4064
3967
4065
3968
4066
3969
4067
3970
4068
3971
4069
3972
4070
3973
4071
3974
4072
3975
4073
3976
4074
3977
4075
3978
4076
3979
4077
3980
4078
3981
4079
3982
4080
3983
4081
3984
4082
3985
4083
3986
4084
3987
4085
3988
4086
3989
4087
3990
4088
3991
4089
3992
4090
3993
4091
3994
4092
3995
4093
3996
4094
3997
4095
3998
4096
3999
4097
4000
4098
4001
4099
4002
4100
4003
4101
4004
4102
4005
4103
4006
4104
4007
4105
4008
4106
4009
4107
4010
4108
4011
4109
4012
4110
4013
4111
4014
4112
4015
4113
4016
4114
4017
4115
4018
4116
4019
4117
4020
4118
4021
4119
4022
4120
4023
4121
4024
4122
4025
4123
4026
4124
4027
4125
4028
4126
4029
4127
4030
4128
4031
4129
4032
4130
4033
4131
4034
4132
4035
4133
4036
4134
4037
4135
4038
4136
4039
4137
4040
4138
4041
4139
4042
4140
4043
4141
4044
4142
4045
4143
4046
4144
4047
4145
4048
4146
4049
4147
4050
4148
4051
4149
4052
4150
4053
4151
4054
4152
4055
4153
4056
4154
4057
4155
4058
4156
4157
4060
4158
4061
4159
4062
4160
4063
4161
4064
4162
4065
4163
4066
4164
4067
4165
4068
4166
4069
4167
4070
4168
4071
4169
4072
4170
4073
4171
4074
4172
4075
4173
4076
4174
4077
4175
4078
4176
4079
4177
4080
4178
4081
4179
4082
4180
4083
4181
4084
4182
4085
4183
4086
4184
4087
4185
4088
4186
4089
4187
4090
4188
4091
4189
4092
4190
4093
4191
4094
4192
4095
4193
4096
4194
4097
4195
4098
4196
4099
4197
4100
4198
4101
4199
4102
4200
4103
4201
4104
4202
4105
4203
4106
4204
4107
4205
4108
4206
4109
4207
4110
4208
4111
4209
4112
4210
4113
4211
4114
4212
4115
4213
4116
4214
4117
4215
4118
4216
4119
4217
4120
4218
4121
4219
4122
4220
4123
4221
4124
4222
4125
4223
4126
4224
4127
4225
4128
4226
4129
4227
4130
4228
4131
4229
4132
4230
4133
4231
4134
4232
4135
4233
4136
4234
4137
4235
4138
4236
4139
4237
4140
4238
4141
4239
4142
4240
4143
4241
4144
4242
4145
4243
4146
4244
4147
4245
4148
4246
4149
4247
4150
4248
4151
4249
4152
4250
4153
4251
4154
4252
4155
4253
4156
4254
4157
4255
4256
4159
4257
4160
4258
4161
4259
4162
4260
4163
4261
4164
4262
4165
4263
4166
4264
4167
4265
4168
4266
4169
4267
4170
4268
4171
4269
4172
4270
4173
4271
4174
4272
4175
4273
4176
4274
4177
4275
4178
4276
4179
4277
4180
4278
4181
4279
4182
4280
4183
4281
4184
4282
4185
4283
4186
4284
4187
4285
4188
4286
4189
4287
4190
4288
4191
4289
4192
4290
4193
4291
4194
4292
4195
4293
4196
4294
4197
4295
4198
4296
4199
4297
4200
4298
4201
4299
4202
4300
4203
4301
4204
4302
4205
4303
4206
4304
4207
4305
4208
4306
4209
4307
4210
4308
4211
4309
4212
4310
4213
4311
4214
4312
4215
4313
4216
4314
4217
4315
4218
4316
4219
4317
4220
4318
4221
4319
4222
4320
4223
4321
4224
4322
4225
4323
4226
4324
4227
4325
4228
4326
4229
4327
4230
4328
4231
4329
4232
4330
4233
4331
4234
4332
4235
4333
4236
4334
4237
4335
4238
4336
4239
4337
4240
4338
4241
4339
4242
4340
4243
4341
4244
4342
4245
4343
4246
4344
4247
4345
4248
4346
4249
4347
4250
4348
4251
4349
4252
4350
4253
4351
4254
4352
4255
4353
4256
4354
4355
4258
4356
4259
4357
4260
4358
4261
4359
4262
4360
4263
4361
4264
4362
4265
4363
4266
4364
4267
4365
4268
4366
4269
4367
4270
4368
4271
4369
4272
4370
4273
4371
4274
4372
4275
4373
4276
4374
4277
4375
4278
4376
4279
4377
4280
4378
4281
4379
4282
4380
4283
4381
4284
4382
4285
4383
4286
4384
4287
4385
4288
4386
4289
4387
4290
4388
4291
4389
4292
4390
4293
4391
4294
4392
4295
4393
4296
4394
4297
4395
4298
4396
4299
4397
4300
4398
4301
4399
4302
4400
4303
4401
4304
4402
4305
4403
4306
4404
4307
4405
4308
4406
4309
4407
4310
4408
4311
4409
4312
4410
4313
4411
4314
4412
4315
4413
4316
4414
4317
4415
4318
4416
4319
4417
4320
4418
4321
4419
4322
4420
4323
4421
4324
4422
4325
4423
4326
4424
4327
4425
4328
4426
4329
4427
4330
4428
4331
4429
4332
4430
4333
4431
4334
4432
4335
4433
4336
4434
4337
4435
4338
4436
4339
4437
4340
4438
4341
4439
4342
4440
4343
4441
4344
4442
4345
4443
4346
4444
4347
4445
4348
4446
4349
4447
4350
4448
4351
4449
4352
4450
4353
4451
4354
4452
4355
4453
4454
4357
4455
4358
4456
4359
4457
4360
4458
4361
4459
4362
4460
4363
4461
4364
4462
4365
4463
4366
4464
4367
4465
4368
4466
4369
4467
4370
4468
4371
4469
4372
4470
4373
4471
4374
4472
4375
4473
4376
4474
4377
4475
4378
4476
4379
4477
4380
4478
4381
4479
4382
4480
4383
4481
4384
4482
4385
4483
4386
4484
4387
4485
4388
4486
4389
4487
4390
4488
4391
4489
4392
4490
4393
4491
4394
4492
4395
4493
4396
4494
4397
4495
4398
4496
4399
4497
4400
4498
4401
4499
4402
4500
4403
4501
4404
4502
4405
4503
4406
4504
4407
4505
4408
4506
4409
4507
4410
4508
4411
4509
4412
4510
4413
4511
4414
4512
4415
4513
4416
4514
4417
4515
4418
4516
4419
4517
4420
4518
4421
4519
4422
4520
4423
4521
4424
4522
4425
4523
4426
4524
4427
4525
4428
4526
4429
4527
4430
4528
4431
4529
4432
4530
4433
4531
4434
4532
4435
4533
4436
4534
4437
4535
4438
4536
4439
4537
4440
4538
4441
4539
4442
4540
4443
4541
4444
4542
4445
4543
4446
4544
4447
4545
4448
4546
4449
4547
4450
4548
4451
4549
4452
4550
4453
4551
4454
4552
4553
4456
4554
4457
4555
4458
4556
4459
4557
4460
4558
4461
4559
4462
4560
4463
4561
4464
4562
4465
4563
4466
4564
4467
4565
4468
4566
4469
4567
4470
4568
4471
4569
4472
4570
4473
4571
4474
4572
4475
4573
4476
4574
4477
4575
4478
4576
4479
4577
4480
4578
4481
4579
4482
4580
4483
4581
4484
4582
4485
4583
4486
4584
4487
4585
4488
4586
4489
4587
4490
4588
4491
4589
4492
4590
4493
4591
4494
4592
4495
4593
4496
4594
4497
4595
4498
4596
4499
4597
4500
4598
4501
4599
4502
4600
4503
4601
4504
4602
4505
4603
4506
4604
4507
4605
4508
4606
4509
4607
4510
4608
4511
4609
4512
4610
4513
4611
4514
4612
4515
4613
4516
4614
4517
4615
4518
4616
4519
4617
4520
4618
4521
4619
4522
4620
4523
4621
4524
4622
4525
4623
4526
4624
4527
4625
4528
4626
4529
4627
4530
4628
4531
4629
4532
4630
4533
4631
4534
4632
4535
4633
4536
4634
4537
4635
4538
4636
4539
4637
4540
4638
4541
4639
4542
4640
4543
4641
4544
4642
4545
4643
4546
4644
4547
4645
4548
4646
4549
4647
4550
4648
4551
4649
4552
4650
4553
4651
4652
4555
4653
4556
4654
4557
4655
4558
4656
4559
4657
4560
4658
4561
4659
4562
4660
4563
4661
4564
4662
4565
4663
4566
4664
4567
4665
4568
4666
4569
4667
4570
4668
4571
4669
4572
4670
4573
4671
4574
4672
4575
4673
4576
4674
4577
4675
4578
4676
4579
4677
4580
4678
4581
4679
4582
4680
4583
4681
4584
4682
4585
4683
4586
4684
4587
4685
4588
4686
4589
4687
4590
4688
4591
4689
4592
4690
4593
4691
4594
4692
4595
4693
4596
4694
4597
4695
4598
4696
4599
4697
4600
4698
4601
4699
4602
4700
4603
4701
4604
4702
4605
4703
4606
4704
4607
4705
4608
4706
4609
4707
4610
4708
4611
4709
4612
4710
4613
4711
4614
4712
4615
4713
4616
4714
4617
4715
4618
4716
4619
4717
4620
4718
4621
4719
4622
4720
4623
4721
4624
4722
4625
4723
4626
4724
4627
4725
4628
4726
4629
4727
4630
4728
4631
4729
4632
4730
4633
4731
4634
4732
4635
4733
4636
4734
4637
4735
4638
4736
4639
4737
4640
4738
4641
4739
4642
4740
4643
4741
4644
4742
4645
4743
4646
4744
4647
4745
4648
4746
4649
4747
4650
4748
4651
4749
4652
4750
4751
4654
4752
4655
4753
4656
4754
4657
4755
4658
4756
4659
4757
4660
4758
4661
4759
4662
4760
4663
4761
4664
4762
4665
4763
4666
4764
4667
4765
4668
4766
4669
4767
4670
4768
4671
4769
4672
4770
4673
4771
4674
4772
4675
4773
4676
4774
4677
4775
4678
4776
4679
4777
4680
4778
4681
4779
4682
4780
4683
4781
4684
4782
4685
4783
4686
4784
4687
4785
4688
4786
4689
4787
4690
4788
4691
4789
4692
4790
4693
4791
4694
4792
4695
4793
4696
4794
4697
4795
4698
4796
4699
4797
4700
4798
4701
4799
4702
4800
4703
4801
4704
4802
4705
4803
4706
4804
4707
4805
4708
4806
4709
4807
4710
4808
4711
4809
4712
4810
4713
4811
4714
4812
4715
4813
4716
4814
4717
4815
4718
4816
4719
4817
4720
4818
4721
4819
4722
4820
4723
4821
4724
4822
4725
4823
4726
4824
4727
4825
4728
4826
4729
4827
4730
4828
4731
4829
4732
4830
4733
4831
4734
4832
4735
4833
4736
4834
4737
4835
4738
4836
4739
4837
4740
4838
4741
4839
4742
4840
4743
4841
4744
4842
4745
4843
4746
4844
4747
4845
4748
4846
4749
4847
4750
4848
4751
4849
4850
4753
4851
4754
4852
4755
4853
4756
4854
4757
4855
4758
4856
4759
4857
4760
4858
4761
4859
4762
4860
4763
4861
4764
4862
4765
4863
4766
4864
4767
4865
4768
4866
4769
4867
4770
4868
4771
4869
4772
4870
4773
4871
4774
4872
4775
4873
4776
4874
4777
4875
4778
4876
4779
4877
4780
4878
4781
4879
4782
4880
4783
4881
4784
4882
4785
4883
4786
4884
4787
4885
4788
4886
4789
4887
4790
4888
4791
4889
4792
4890
4793
4891
4794
4892
4795
4893
4796
4894
4797
4895
4798
4896
4799
4897
4800
4898
4801
4899
4802
4900
4803
4901
4804
4902
4805
4903
4806
4904
4807
4905
4808
4906
4809
4907
4810
4908
4811
4909
4812
4910
4813
4911
4814
4912
4815
4913
4816
4914
4817
4915
4818
4916
4819
4917
4820
4918
4821
4919
4822
4920
4823
4921
4824
4922
4825
4923
4826
4924
4827
4925
4828
4926
4829
4927
4830
4928
4831
4929
4832
4930
4833
4931
4834
4932
4835
4933
4836
4934
4837
4935
4838
4936
4839
4937
4840
4938
4841
4939
4842
4940
4843
4941
4844
4942
4845
4943
4846
4944
4847
4945
4848
4946
4849
4947
4850
4948
4949
4852
4950
4853
4951
4854
4952
4855
4953
4856
4954
4857
4955
4858
4956
4859
4957
4860
4958
4861
4959
4862
4960
4863
4961
4864
4962
4865
4963
4866
4964
4867
4965
4868
4966
4869
4967
4870
4968
4871
4969
4872
4970
4873
4971
4874
4972
4875
4973
4876
4974
4877
4975
4878
4976
4879
4977
4880
4978
4881
4979
4882
4980
4883
4981
4884
4982
4885
4983
4886
4984
4887
4985
4888
4986
4889
4987
4890
4988
4891
4989
4892
4990
4893
4991
4894
4992
4895
4993
4896
4994
4897
4995
4898
4996
4899
4997
4900
4998
4901
4999
4902
5000
4903
5001
4904
5002
4905
5003
4906
5004
4907
5005
4908
5006
4909
5007
4910
5008
4911
5009
4912
5010
4913
5011
4914
5012
4915
5013
4916
5014
4917
5015
4918
5016
4919
5017
4920
5018
4921
5019
4922
5020
4923
5021
4924
5022
4925
5023
4926
5024
4927
5025
4928
5026
4929
5027
4930
5028
4931
5029
4932
5030
4933
5031
4934
5032
4935
5033
4936
5034
4937
5035
4938
5036
4939
5037
4940
5038
4941
5039
4942
5040
4943
5041
4944
5042
4945
5043
4946
5044
4947
5045
4948
5046
4949
5047
5048
4951
5049
4952
5050
4953
5051
4954
5052
4955
5053
4956
5054
4957
5055
4958
5056
4959
5057
4960
5058
4961
5059
4962
5060
4963
5061
4964
5062
4965
5063
4966
5064
4967
5065
4968
5066
4969
5067
4970
5068
4971
5069
4972
5070
4973
5071
4974
5072
4975
5073
4976
5074
4977
5075
4978
5076
4979
5077
4980
5078
4981
5079
4982
5080
4983
5081
4984
5082
4985
5083
4986
5084
4987
5085
4988
5086
4989
5087
4990
5088
4991
5089
4992
5090
4993
5091
4994
5092
4995
5093
4996
5094
4997
5095
4998
5096
4999
5097
5000
5098
5001
5099
5002
5100
5003
5101
5004
5102
5005
5103
5006
5104
5007
5105
5008
5106
5009
5107
5010
5108
5011
5109
5012
5110
5013
5111
5014
5112
5015
5113
5016
5114
5017
5115
5018
5116
5019
5117
5020
5118
5021
5119
5022
5120
5023
5121
5024
5122
5025
5123
5026
5124
5027
5125
5028
5126
5029
5127
5030
5128
5031
5129
5032
5130
5033
5131
5034
5132
5035
5133
5036
5134
5037
5135
5038
5136
5039
5137
5040
5138
5041
5139
5042
5140
5043
5141
5044
5142
5045
5143
5046
5144
5047
5145
5048
5146
5147
5050
5148
5051
5149
5052
5150
5053
5151
5054
5152
5055
5153
5056
5154
5057
5155
5058
5156
5059
5157
5060
5158
5061
5159
5062
5160
5063
5161
5064
5162
5065
5163
5066
5164
5067
5165
5068
5166
5069
5167
5070
5168
5071
5169
5072
5170
5073
5171
5074
5172
5075
5173
5076
5174
5077
5175
5078
5176
5079
5177
5080
5178
5081
5179
5082
5180
5083
5181
5084
5182
5085
5183
5086
5184
5087
5185
5088
5186
5089
5187
5090
5188
5091
5189
5092
5190
5093
5191
5094
5192
5095
5193
5096
5194
5097
5195
5098
5196
5099
5197
5100
5198
5101
5199
5102
5200
5103
5201
5104
5202
5105
5203
5106
5204
5107
5205
5108
5206
5109
5207
5110
5208
5111
5209
5112
5210
5113
5211
5114
5212
5115
5213
5116
5214
5117
5215
5118
5216
5119
5217
5120
5218
5121
5219
5122
5220
5123
5221
5124
5222
5125
5223
5126
5224
5127
5225
5128
5226
5129
5227
5130
5228
5131
5229
5132
5230
5133
5231
5134
5232
5135
5233
5136
5234
5137
5235
5138
5236
5139
5237
5140
5238
5141
5239
5142
5240
5143
5241
5144
5242
5145
5243
5146
5244
5147
5245
5246
5149
5247
5150
5248
5151
5249
5152
5250
5153
5251
5154
5252
5155
5253
5156
5254
5157
5255
5158
5256
5159
5257
5160
5258
5161
5259
5162
5260
5163
5261
5164
5262
5165
5263
5166
5264
5167
5265
5168
5266
5169
5267
5170
5268
5171
5269
5172
5270
5173
5271
5174
5272
5175
5273
5176
5274
5177
5275
5178
5276
5179
5277
5180
5278
5181
5279
5182
5280
5183
5281
5184
5282
5185
5283
5186
5284
5187
5285
5188
5286
5189
5287
5190
5288
5191
5289
5192
5290
5193
5291
5194
5292
5195
5293
5196
5294
5197
5295
5198
5296
5199
5297
5200
5298
5201
5299
5202
5300
5203
5301
5204
5302
5205
5303
5206
5304
5207
5305
5208
5306
5209
5307
5210
5308
5211
5309
5212
5310
5213
5311
5214
5312
5215
5313
5216
5314
5217
5315
5218
5316
5219
5317
5220
5318
5221
5319
5222
5320
5223
5321
5224
5322
5225
5323
5226
5324
5227
5325
5228
5326
5229
5327
5230
5328
5231
5329
5232
5330
5233
5331
5234
5332
5235
5333
5236
5334
5237
5335
5238
5336
5239
5337
5240
5338
5241
5339
5242
5340
5243
5341
5244
5342
5245
5343
5246
5344
5345
5248
5249
5250
5251
5252
5253
5254
5255
5256
5257
5258
5259
5260
5261
5262
5263
5264
5265
5266
5267
5268
5269
5270
5271
5272
5273
5274
5275
5276
5277
5278
5279
5280
5281
5282
5283
5284
5285
5286
5287
5288
5289
5290
5291
5292
5293
5294
5295
5296
5297
5298
5299
5300
5301
5302
5303
5304
5305
5306
5307
5308
5309
5310
5311
5312
5313
5314
5315
5316
5317
5318
5319
5320
5321
5322
5323
5324
5325
5326
5327
5328
5329
5330
5331
5332
5333
5334
5335
5336
5337
5338
5339
5340
5341
5342
5343
5344
5345
)


// ************************************************************************* //
