202
(
-1.10528033E-03
-1.10528033E-03
-2.36618756E-04
-2.36618756E-04
1.49312946E-03
1.49312946E-03
3.14856269E-03
3.14856269E-03
4.70841998E-03
4.70841998E-03
6.17549439E-03
6.17549439E-03
7.49218145E-03
7.49218145E-03
8.61828746E-03
8.61828746E-03
9.50143731E-03
9.50143731E-03
1.01160143E-02
1.01160143E-02
1.04201835E-02
1.04201835E-02
1.03793068E-02
1.03793068E-02
9.95430173E-03
9.95430173E-03
9.11589195E-03
9.11589195E-03
7.86301733E-03
7.86301733E-03
6.17821611E-03
6.17821611E-03
4.07075433E-03
4.07075433E-03
1.54080530E-03
1.54080530E-03
-1.41017329E-03
-1.41017329E-03
-4.74029562E-03
-4.74029562E-03
-8.40694190E-03
-8.40694190E-03
-1.23821611E-02
-1.23821611E-02
-1.66695209E-02
-1.66695209E-02
-2.12249745E-02
-2.12249745E-02
-2.59108053E-02
-2.59108053E-02
-3.05231397E-02
-3.05231397E-02
-3.48827727E-02
-3.48827727E-02
-3.86681957E-02
-3.86681957E-02
-4.16855250E-02
-4.16855250E-02
-4.39452599E-02
-4.39452599E-02
-4.53404689E-02
-4.53404689E-02
-4.59061162E-02
-4.59061162E-02
-4.58389399E-02
-4.58389399E-02
-4.59190622E-02
-4.59190622E-02
-4.60396534E-02
-4.60396534E-02
-4.44264016E-02
-4.44264016E-02
-4.12090724E-02
-4.12090724E-02
-3.84796126E-02
-3.84796126E-02
-3.65925586E-02
-3.65925586E-02
-3.50820591E-02
-3.50820591E-02
-3.39973496E-02
-3.39973496E-02
-3.31340469E-02
-3.31340469E-02
-3.25436290E-02
-3.25436290E-02
-3.24702345E-02
-3.24702345E-02
-3.24517839E-02
-3.24517839E-02
-3.13439348E-02
-3.13439348E-02
-2.88465851E-02
-2.88465851E-02
-2.69898063E-02
-2.69898063E-02
-2.76348624E-02
-2.76348624E-02
-2.78801223E-02
-2.78801223E-02
-2.30975535E-02
-2.30975535E-02
-1.65525994E-02
-1.65525994E-02
-1.64195719E-02
-1.64195719E-02
-2.03043833E-02
-2.03043833E-02
-2.59652396E-02
-2.59652396E-02
-4.49293578E-02
-4.49293578E-02
-8.20312946E-02
-8.20312946E-02
-1.15855250E-01
-1.15855250E-01
-1.23256881E-01
-1.23256881E-01
-1.05903160E-01
-1.05903160E-01
-7.44146789E-02
-7.44146789E-02
-3.72699286E-02
-3.72699286E-02
-5.34454638E-04
-5.34454638E-04
3.35070336E-02
3.35070336E-02
6.36119266E-02
6.36119266E-02
8.85723751E-02
8.85723751E-02
1.07413863E-01
1.07413863E-01
1.19243629E-01
1.19243629E-01
1.22532110E-01
1.22532110E-01
1.16965341E-01
1.16965341E-01
1.04771662E-01
1.04771662E-01
8.90227319E-02
8.90227319E-02
7.24726809E-02
7.24726809E-02
5.74279307E-02
5.74279307E-02
4.54954128E-02
4.54954128E-02
3.71657492E-02
3.71657492E-02
3.14349643E-02
3.14349643E-02
2.66542304E-02
2.66542304E-02
2.21493374E-02
2.21493374E-02
1.80162080E-02
1.80162080E-02
1.42832824E-02
1.42832824E-02
1.09327217E-02
1.09327217E-02
8.02637105E-03
8.02637105E-03
5.61166157E-03
5.61166157E-03
3.70909276E-03
3.70909276E-03
2.27156983E-03
2.27156983E-03
1.22164118E-03
1.22164118E-03
4.62154944E-04
4.62154944E-04
-1.48285423E-04
-1.48285423E-04
-7.42268094E-04
-7.42268094E-04
-1.50729867E-03
-1.50729867E-03
-2.68605505E-03
-2.68605505E-03
-4.43879715E-03
-4.43879715E-03
-6.53080530E-03
-6.53080530E-03
-8.29837920E-03
-8.29837920E-03
-9.13782875E-03
-9.13782875E-03
-8.88046891E-03
-8.88046891E-03
-7.66905199E-03
-7.66905199E-03
-5.90118247E-03
-5.90118247E-03
-3.96621814E-03
-3.96621814E-03
-2.98076453E-03
-2.98076453E-03
)
