201
(
6.09295617E-02
6.01828746E-02
6.01828746E-02
5.74916412E-02
5.74916412E-02
5.29810398E-02
5.29810398E-02
4.77169215E-02
4.77169215E-02
4.23459735E-02
4.23459735E-02
3.70790010E-02
3.70790010E-02
3.20516820E-02
3.20516820E-02
2.73159021E-02
2.73159021E-02
2.29047910E-02
2.29047910E-02
1.88511723E-02
1.88511723E-02
1.49761468E-02
1.49761468E-02
1.12364934E-02
1.12364934E-02
7.70097859E-03
7.70097859E-03
4.30804281E-03
4.30804281E-03
1.02783894E-03
1.02783894E-03
-2.13414883E-03
-2.13414883E-03
-5.14547401E-03
-5.14547401E-03
-7.93878695E-03
-7.93878695E-03
-1.04783894E-02
-1.04783894E-02
-1.27704383E-02
-1.27704383E-02
-1.47940877E-02
-1.47940877E-02
-1.65570846E-02
-1.65570846E-02
-1.80588175E-02
-1.80588175E-02
-1.92873598E-02
-1.92873598E-02
-2.02673802E-02
-2.02673802E-02
-2.10480122E-02
-2.10480122E-02
-2.17984709E-02
-2.17984709E-02
-2.26728848E-02
-2.26728848E-02
-2.37079511E-02
-2.37079511E-02
-2.48122324E-02
-2.48122324E-02
-2.57582059E-02
-2.57582059E-02
-2.62276249E-02
-2.62276249E-02
-2.60098879E-02
-2.60098879E-02
-2.52634047E-02
-2.52634047E-02
-2.43234455E-02
-2.43234455E-02
-2.34273191E-02
-2.34273191E-02
-2.25881753E-02
-2.25881753E-02
-2.17604485E-02
-2.17604485E-02
-2.09392457E-02
-2.09392457E-02
-2.01462793E-02
-2.01462793E-02
-1.95232416E-02
-1.95232416E-02
-1.91687054E-02
-1.91687054E-02
-1.90735984E-02
-1.90735984E-02
-1.91241590E-02
-1.91241590E-02
-1.91939857E-02
-1.91939857E-02
-1.92549439E-02
-1.92549439E-02
-1.93237513E-02
-1.93237513E-02
-1.94584098E-02
-1.94584098E-02
-1.97438328E-02
-1.97438328E-02
-2.02018349E-02
-2.02018349E-02
-2.09232416E-02
-2.09232416E-02
-2.28891947E-02
-2.28891947E-02
-2.84642202E-02
-2.84642202E-02
-4.03931702E-02
-4.03931702E-02
-5.46681957E-02
-5.46681957E-02
-5.96133537E-02
-5.96133537E-02
-5.39968400E-02
-5.39968400E-02
-4.88231397E-02
-4.88231397E-02
-4.82474006E-02
-4.82474006E-02
-4.95501529E-02
-4.95501529E-02
-5.17184506E-02
-5.17184506E-02
-5.59141692E-02
-5.59141692E-02
-6.66145770E-02
-6.66145770E-02
-8.75869521E-02
-8.75869521E-02
-1.12282365E-01
-1.12282365E-01
-1.30223242E-01
-1.30223242E-01
-1.37189602E-01
-1.37189602E-01
-1.31076453E-01
-1.31076453E-01
-1.11269113E-01
-1.11269113E-01
-8.09358818E-02
-8.09358818E-02
-4.36092762E-02
-4.36092762E-02
-3.14984709E-03
-3.14984709E-03
3.64692151E-02
3.64692151E-02
7.25021407E-02
7.25021407E-02
1.02853211E-01
1.02853211E-01
1.26962283E-01
1.26962283E-01
1.44883792E-01
1.44883792E-01
1.56847095E-01
1.56847095E-01
1.63788991E-01
1.63788991E-01
1.67186544E-01
1.67186544E-01
1.67957187E-01
1.67957187E-01
1.66452599E-01
1.66452599E-01
1.63248726E-01
1.63248726E-01
1.58889908E-01
1.58889908E-01
1.53657492E-01
1.53657492E-01
1.47772681E-01
1.47772681E-01
1.41432212E-01
1.41432212E-01
1.34799185E-01
1.34799185E-01
1.28001019E-01
1.28001019E-01
1.21136595E-01
1.21136595E-01
1.14291539E-01
1.14291539E-01
1.07467890E-01
1.07467890E-01
1.00655454E-01
1.00655454E-01
9.38279307E-02
9.38279307E-02
8.71474006E-02
8.71474006E-02
8.05068298E-02
8.05068298E-02
7.36613660E-02
7.36613660E-02
6.78747197E-02
6.78747197E-02
6.39713558E-02
6.39713558E-02
6.23979613E-02
6.23979613E-02
)
