201
(
8.52407747E-02
8.44735984E-02
8.44735984E-02
8.25979613E-02
8.25979613E-02
8.01246687E-02
8.01246687E-02
7.72317023E-02
7.72317023E-02
7.39559633E-02
7.39559633E-02
7.02480122E-02
7.02480122E-02
6.60624873E-02
6.60624873E-02
6.14078491E-02
6.14078491E-02
5.62954128E-02
5.62954128E-02
5.07546381E-02
5.07546381E-02
4.48303772E-02
4.48303772E-02
3.85594292E-02
3.85594292E-02
3.20125382E-02
3.20125382E-02
2.52464832E-02
2.52464832E-02
1.83876656E-02
1.83876656E-02
1.14489297E-02
1.14489297E-02
4.29414883E-03
4.29414883E-03
-2.98767584E-03
-2.98767584E-03
-1.00960245E-02
-1.00960245E-02
-1.66454638E-02
-1.66454638E-02
-2.25692151E-02
-2.25692151E-02
-2.78961264E-02
-2.78961264E-02
-3.25142712E-02
-3.25142712E-02
-3.63729867E-02
-3.63729867E-02
-3.94340469E-02
-3.94340469E-02
-4.16512742E-02
-4.16512742E-02
-4.32168196E-02
-4.32168196E-02
-4.44373089E-02
-4.44373089E-02
-4.52183486E-02
-4.52183486E-02
-4.55081549E-02
-4.55081549E-02
-4.52376147E-02
-4.52376147E-02
-4.43232416E-02
-4.43232416E-02
-4.30619776E-02
-4.30619776E-02
-4.19762487E-02
-4.19762487E-02
-4.12343527E-02
-4.12343527E-02
-4.05986748E-02
-4.05986748E-02
-3.99681957E-02
-3.99681957E-02
-3.93930683E-02
-3.93930683E-02
-3.89139653E-02
-3.89139653E-02
-3.84655454E-02
-3.84655454E-02
-3.74040775E-02
-3.74040775E-02
-3.45220183E-02
-3.45220183E-02
-2.93891947E-02
-2.93891947E-02
-2.32435270E-02
-2.32435270E-02
-1.78563710E-02
-1.78563710E-02
-1.40735984E-02
-1.40735984E-02
-1.18418960E-02
-1.18418960E-02
-1.04851172E-02
-1.04851172E-02
-8.96918451E-03
-8.96918451E-03
-6.68382263E-03
-6.68382263E-03
-3.62397554E-03
-3.62397554E-03
-7.78134557E-05
-7.78134557E-05
3.44341488E-03
3.44341488E-03
6.44400612E-03
6.44400612E-03
8.85292559E-03
8.85292559E-03
1.07067278E-02
1.07067278E-02
1.26349643E-02
1.26349643E-02
1.49388379E-02
1.49388379E-02
1.55593272E-02
1.55593272E-02
1.37423038E-02
1.37423038E-02
9.71764526E-03
9.71764526E-03
-1.03747197E-03
-1.03747197E-03
-2.74989806E-02
-2.74989806E-02
-6.62598369E-02
-6.62598369E-02
-9.69918451E-02
-9.69918451E-02
-1.09511723E-01
-1.09511723E-01
-1.05762487E-01
-1.05762487E-01
-8.82640163E-02
-8.82640163E-02
-6.02100917E-02
-6.02100917E-02
-2.48586137E-02
-2.48586137E-02
1.30005097E-02
1.30005097E-02
4.87591233E-02
4.87591233E-02
7.99910296E-02
7.99910296E-02
1.05870540E-01
1.05870540E-01
1.26436290E-01
1.26436290E-01
1.41686035E-01
1.41686035E-01
1.52075433E-01
1.52075433E-01
1.58601427E-01
1.58601427E-01
1.61750255E-01
1.61750255E-01
1.62425076E-01
1.62425076E-01
1.61206932E-01
1.61206932E-01
1.58727829E-01
1.58727829E-01
1.55664628E-01
1.55664628E-01
1.52191641E-01
1.52191641E-01
1.48339450E-01
1.48339450E-01
1.44187564E-01
1.44187564E-01
1.39818552E-01
1.39818552E-01
1.35291539E-01
1.35291539E-01
1.30636086E-01
1.30636086E-01
1.25873598E-01
1.25873598E-01
1.21043833E-01
1.21043833E-01
1.16188583E-01
1.16188583E-01
1.11360856E-01
1.11360856E-01
1.06606524E-01
1.06606524E-01
1.01900815E-01
1.01900815E-01
9.74141692E-02
9.74141692E-02
9.35074414E-02
9.35074414E-02
9.03213048E-02
9.03213048E-02
8.78116208E-02
8.78116208E-02
8.67130479E-02
8.67130479E-02
)
