202
(
8.39202854E-02
8.39202854E-02
8.32245668E-02
8.32245668E-02
8.14068298E-02
8.14068298E-02
7.89637105E-02
7.89637105E-02
7.61688073E-02
7.61688073E-02
7.29744139E-02
7.29744139E-02
6.93455657E-02
6.93455657E-02
6.52455657E-02
6.52455657E-02
6.06804281E-02
6.06804281E-02
5.56802243E-02
5.56802243E-02
5.02683996E-02
5.02683996E-02
4.44966361E-02
4.44966361E-02
3.84006116E-02
3.84006116E-02
3.20445464E-02
3.20445464E-02
2.54737003E-02
2.54737003E-02
1.88001019E-02
1.88001019E-02
1.20467890E-02
1.20467890E-02
5.07145770E-03
5.07145770E-03
-2.03456677E-03
-2.03456677E-03
-8.88074414E-03
-8.88074414E-03
-1.51433231E-02
-1.51433231E-02
-2.07890928E-02
-2.07890928E-02
-2.58234455E-02
-2.58234455E-02
-3.01859327E-02
-3.01859327E-02
-3.37483180E-02
-3.37483180E-02
-3.63779817E-02
-3.63779817E-02
-3.82643221E-02
-3.82643221E-02
-3.97082569E-02
-3.97082569E-02
-4.07929664E-02
-4.07929664E-02
-4.14595311E-02
-4.14595311E-02
-4.16594292E-02
-4.16594292E-02
-4.12205912E-02
-4.12205912E-02
-4.01008155E-02
-4.01008155E-02
-3.86668705E-02
-3.86668705E-02
-3.73954128E-02
-3.73954128E-02
-3.64175331E-02
-3.64175331E-02
-3.55425076E-02
-3.55425076E-02
-3.46253823E-02
-3.46253823E-02
-3.36721713E-02
-3.36721713E-02
-3.27319062E-02
-3.27319062E-02
-3.16960245E-02
-3.16960245E-02
-2.99032620E-02
-2.99032620E-02
-2.64758410E-02
-2.64758410E-02
-2.15080530E-02
-2.15080530E-02
-1.63012232E-02
-1.63012232E-02
-1.21479103E-02
-1.21479103E-02
-9.53805301E-03
-9.53805301E-03
-8.45859327E-03
-8.45859327E-03
-8.53515800E-03
-8.53515800E-03
-9.02715596E-03
-9.02715596E-03
-9.09364934E-03
-9.09364934E-03
-7.89123344E-03
-7.89123344E-03
-5.23795107E-03
-5.23795107E-03
-2.30135576E-03
-2.30135576E-03
6.74077472E-05
6.74077472E-05
1.97432212E-03
1.97432212E-03
3.30724771E-03
3.30724771E-03
4.57241590E-03
4.57241590E-03
6.03983690E-03
6.03983690E-03
6.09267074E-03
6.09267074E-03
4.16322120E-03
4.16322120E-03
2.21447503E-04
2.21447503E-04
-1.03903160E-02
-1.03903160E-02
-3.65722732E-02
-3.65722732E-02
-7.46425076E-02
-7.46425076E-02
-1.04956167E-01
-1.04956167E-01
-1.17661570E-01
-1.17661570E-01
-1.14310907E-01
-1.14310907E-01
-9.72271152E-02
-9.72271152E-02
-6.99964322E-02
-6.99964322E-02
-3.48948012E-02
-3.48948012E-02
3.38593272E-03
3.38593272E-03
3.99934760E-02
3.99934760E-02
7.33429154E-02
7.33429154E-02
1.01524975E-01
1.01524975E-01
1.23965341E-01
1.23965341E-01
1.40460754E-01
1.40460754E-01
1.51466871E-01
1.51466871E-01
1.58332314E-01
1.58332314E-01
1.61656473E-01
1.61656473E-01
1.62434251E-01
1.62434251E-01
1.61281346E-01
1.61281346E-01
1.58777778E-01
1.58777778E-01
1.55617737E-01
1.55617737E-01
1.52012232E-01
1.52012232E-01
1.48018349E-01
1.48018349E-01
1.43714577E-01
1.43714577E-01
1.39181448E-01
1.39181448E-01
1.34485219E-01
1.34485219E-01
1.29670744E-01
1.29670744E-01
1.24765545E-01
1.24765545E-01
1.19816514E-01
1.19816514E-01
1.14863405E-01
1.14863405E-01
1.09965341E-01
1.09965341E-01
1.05166157E-01
1.05166157E-01
1.00436799E-01
1.00436799E-01
9.59492355E-02
9.59492355E-02
9.20656473E-02
9.20656473E-02
8.89021407E-02
8.89021407E-02
8.63957187E-02
8.63957187E-02
8.53045872E-02
8.53045872E-02
)
