// Data on points
68

(
1.24513E-04
1.24513E-04
1.21536E-04
1.21536E-04
1.10728E-04
1.10728E-04
9.07975E-05
9.07975E-05
6.19582E-05
6.19582E-05
2.46283E-05
2.46283E-05
-1.96155E-05
-1.96155E-05
-6.78228E-05
-6.78228E-05
-1.15227E-04
-1.15227E-04
-1.51225E-04
-1.51225E-04
-1.64350E-04
-1.64350E-04
-1.50090E-04
-1.50090E-04
-1.13967E-04
-1.13967E-04
-7.96165E-05
-7.96165E-05
-6.14769E-05
-6.14769E-05
-5.15617E-05
-5.15617E-05
-4.38174E-05
-4.38174E-05
-3.74774E-05
-3.74774E-05
-3.24153E-05
-3.24153E-05
-2.84351E-05
-2.84351E-05
-2.50448E-05
-2.50448E-05
-2.15456E-05
-2.15456E-05
-1.70906E-05
-1.70906E-05
-1.02788E-05
-1.02788E-05
3.52849E-07
3.52849E-07
1.55541E-05
1.55541E-05
3.52102E-05
3.52102E-05
5.81215E-05
5.81215E-05
8.18489E-05
8.18489E-05
1.03249E-04
1.03249E-04
1.19137E-04
1.19137E-04
1.27660E-04
1.27660E-04
1.28873E-04
1.28873E-04
1.27732E-04
1.27732E-04

)

// ************************************************************************* //
