202
(
-9.46120285E-06
-9.46120285E-06
8.36364934E-04
8.36364934E-04
2.45831804E-03
2.45831804E-03
3.97681957E-03
3.97681957E-03
5.43992864E-03
5.43992864E-03
6.78337411E-03
6.78337411E-03
7.97449541E-03
7.97449541E-03
8.98607543E-03
8.98607543E-03
9.75765545E-03
9.75765545E-03
1.02729867E-02
1.02729867E-02
1.04868502E-02
1.04868502E-02
1.03610601E-02
1.03610601E-02
9.85877676E-03
9.85877676E-03
8.95296636E-03
8.95296636E-03
7.63303772E-03
7.63303772E-03
5.89532110E-03
5.89532110E-03
3.72965341E-03
3.72965341E-03
1.14338430E-03
1.14338430E-03
-1.86482161E-03
-1.86482161E-03
-5.25777778E-03
-5.25777778E-03
-8.98656473E-03
-8.98656473E-03
-1.30305810E-02
-1.30305810E-02
-1.73976555E-02
-1.73976555E-02
-2.20445464E-02
-2.20445464E-02
-2.68335372E-02
-2.68335372E-02
-3.15546381E-02
-3.15546381E-02
-3.60366972E-02
-3.60366972E-02
-3.99810398E-02
-3.99810398E-02
-4.31511723E-02
-4.31511723E-02
-4.55891947E-02
-4.55891947E-02
-4.72397554E-02
-4.72397554E-02
-4.80508665E-02
-4.80508665E-02
-4.81993884E-02
-4.81993884E-02
-4.85304791E-02
-4.85304791E-02
-4.89200815E-02
-4.89200815E-02
-4.74914373E-02
-4.74914373E-02
-4.43843017E-02
-4.43843017E-02
-4.17295617E-02
-4.17295617E-02
-3.98488277E-02
-3.98488277E-02
-3.83229358E-02
-3.83229358E-02
-3.72599388E-02
-3.72599388E-02
-3.64720693E-02
-3.64720693E-02
-3.59615698E-02
-3.59615698E-02
-3.56590214E-02
-3.56590214E-02
-3.50399592E-02
-3.50399592E-02
-3.38774720E-02
-3.38774720E-02
-3.30008155E-02
-3.30008155E-02
-3.38551478E-02
-3.38551478E-02
-3.52655454E-02
-3.52655454E-02
-3.25975535E-02
-3.25975535E-02
-2.45649337E-02
-2.45649337E-02
-2.00478084E-02
-2.00478084E-02
-2.40098879E-02
-2.40098879E-02
-2.86400612E-02
-2.86400612E-02
-3.51409786E-02
-3.51409786E-02
-5.76507645E-02
-5.76507645E-02
-9.57356779E-02
-9.57356779E-02
-1.24437309E-01
-1.24437309E-01
-1.25834862E-01
-1.25834862E-01
-1.05176351E-01
-1.05176351E-01
-7.21036697E-02
-7.21036697E-02
-3.47366972E-02
-3.47366972E-02
1.83588175E-04
1.83588175E-04
3.02096840E-02
3.02096840E-02
5.53869521E-02
5.53869521E-02
7.71898063E-02
7.71898063E-02
9.61845056E-02
9.61845056E-02
1.11246687E-01
1.11246687E-01
1.20933741E-01
1.20933741E-01
1.23654434E-01
1.23654434E-01
1.18882773E-01
1.18882773E-01
1.08096840E-01
1.08096840E-01
9.37522936E-02
9.37522936E-02
7.82581040E-02
7.82581040E-02
6.37767584E-02
6.37767584E-02
5.19561672E-02
5.19561672E-02
4.33312946E-02
4.33312946E-02
3.70523955E-02
3.70523955E-02
3.17291539E-02
3.17291539E-02
2.67534149E-02
2.67534149E-02
2.22035678E-02
2.22035678E-02
1.81053007E-02
1.81053007E-02
1.44310907E-02
1.44310907E-02
1.12287462E-02
1.12287462E-02
8.54367992E-03
8.54367992E-03
6.37990826E-03
6.37990826E-03
4.74460754E-03
4.74460754E-03
3.57906218E-03
3.57906218E-03
2.72712538E-03
2.72712538E-03
2.02159021E-03
2.02159021E-03
1.30319062E-03
1.30319062E-03
3.95558614E-04
3.95558614E-04
-9.55909276E-04
-9.55909276E-04
-2.90187564E-03
-2.90187564E-03
-4.98522936E-03
-4.98522936E-03
-6.39664628E-03
-6.39664628E-03
-6.70952090E-03
-6.70952090E-03
-5.94679918E-03
-5.94679918E-03
-4.44770642E-03
-4.44770642E-03
-2.65738022E-03
-2.65738022E-03
-1.73885831E-03
-1.73885831E-03
)
