202
(
2.74299694E-02
2.74299694E-02
2.78318043E-02
2.78318043E-02
2.85639144E-02
2.85639144E-02
2.91266055E-02
2.91266055E-02
2.95012232E-02
2.95012232E-02
2.96402650E-02
2.96402650E-02
2.95114169E-02
2.95114169E-02
2.90827727E-02
2.90827727E-02
2.83203874E-02
2.83203874E-02
2.72043833E-02
2.72043833E-02
2.56984709E-02
2.56984709E-02
2.37960245E-02
2.37960245E-02
2.14683996E-02
2.14683996E-02
1.87099898E-02
1.87099898E-02
1.55183486E-02
1.55183486E-02
1.18945973E-02
1.18945973E-02
7.85696228E-03
7.85696228E-03
3.42116208E-03
3.42116208E-03
-1.35726809E-03
-1.35726809E-03
-6.43518858E-03
-6.43518858E-03
-1.18264016E-02
-1.18264016E-02
-1.75513761E-02
-1.75513761E-02
-2.35607543E-02
-2.35607543E-02
-2.95825688E-02
-2.95825688E-02
-3.54860347E-02
-3.54860347E-02
-4.09099898E-02
-4.09099898E-02
-4.57558614E-02
-4.57558614E-02
-4.99710499E-02
-4.99710499E-02
-5.32974516E-02
-5.32974516E-02
-5.59086646E-02
-5.59086646E-02
-5.73683996E-02
-5.73683996E-02
-5.80687054E-02
-5.80687054E-02
-5.88018349E-02
-5.88018349E-02
-5.94840979E-02
-5.94840979E-02
-5.89395515E-02
-5.89395515E-02
-5.63238532E-02
-5.63238532E-02
-5.33501529E-02
-5.33501529E-02
-5.12864424E-02
-5.12864424E-02
-4.98411825E-02
-4.98411825E-02
-4.87935780E-02
-4.87935780E-02
-4.79696228E-02
-4.79696228E-02
-4.72815494E-02
-4.72815494E-02
-4.68397554E-02
-4.68397554E-02
-4.68344546E-02
-4.68344546E-02
-4.72902141E-02
-4.72902141E-02
-4.71299694E-02
-4.71299694E-02
-4.44504587E-02
-4.44504587E-02
-3.86311927E-02
-3.86311927E-02
-3.29990826E-02
-3.29990826E-02
-3.22060143E-02
-3.22060143E-02
-3.56384302E-02
-3.56384302E-02
-4.58912334E-02
-4.58912334E-02
-7.34221203E-02
-7.34221203E-02
-1.09378186E-01
-1.09378186E-01
-1.23420999E-01
-1.23420999E-01
-1.07254842E-01
-1.07254842E-01
-7.42495413E-02
-7.42495413E-02
-3.62606524E-02
-3.62606524E-02
-2.02711519E-03
-2.02711519E-03
2.52845056E-02
2.52845056E-02
4.54454638E-02
4.54454638E-02
5.80062181E-02
5.80062181E-02
6.49091743E-02
6.49091743E-02
7.08095821E-02
7.08095821E-02
7.68012232E-02
7.68012232E-02
7.81674822E-02
7.81674822E-02
7.10595311E-02
7.10595311E-02
5.80877676E-02
5.80877676E-02
4.44124363E-02
4.44124363E-02
3.34875637E-02
3.34875637E-02
2.63308869E-02
2.63308869E-02
2.21361876E-02
2.21361876E-02
1.92065240E-02
1.92065240E-02
1.65942915E-02
1.65942915E-02
1.43419980E-02
1.43419980E-02
1.27039755E-02
1.27039755E-02
1.17000000E-02
1.17000000E-02
1.11640163E-02
1.11640163E-02
1.08866463E-02
1.08866463E-02
1.05768603E-02
1.05768603E-02
9.87819572E-03
9.87819572E-03
8.52962283E-03
8.52962283E-03
6.30571865E-03
6.30571865E-03
3.37573904E-03
3.37573904E-03
4.94096840E-04
4.94096840E-04
-1.79288481E-03
-1.79288481E-03
-3.12128440E-03
-3.12128440E-03
-2.81255861E-03
-2.81255861E-03
-8.97298675E-04
-8.97298675E-04
1.81990826E-03
1.81990826E-03
4.93107034E-03
4.93107034E-03
8.17943935E-03
8.17943935E-03
1.13539246E-02
1.13539246E-02
1.43170234E-02
1.43170234E-02
1.69811417E-02
1.69811417E-02
1.93611621E-02
1.93611621E-02
2.14107034E-02
2.14107034E-02
2.31681957E-02
2.31681957E-02
2.46678899E-02
2.46678899E-02
2.59124363E-02
2.59124363E-02
2.64796126E-02
2.64796126E-02
)
