// Points
68
(

(0 0 0)
(0 0 29)
(0.459762 0.0776018 0)
(0.459762 0.0776018 29)
(0.9171 0.168471 0)
(0.9171 0.168471 29)
(1.37276 0.267434 0)
(1.37276 0.267434 29)
(1.82774 0.369536 0)
(1.82774 0.369536 29)
(2.28309 0.46992 0)
(2.28309 0.46992 29)
(2.73985 0.563675 0)
(2.73985 0.563675 29)
(3.19885 0.645702 0)
(3.19885 0.645702 29)
(3.66056 0.710617 0)
(3.66056 0.710617 29)
(4.12488 0.752741 0)
(4.12488 0.752741 29)
(4.59088 0.766236 0)
(4.59088 0.766236 29)
(5.05658 0.745328 0)
(5.05658 0.745328 29)
(5.51768 0.677493 0)
(5.51768 0.677493 29)
(5.97044 0.566532 0)
(5.97044 0.566532 29)
(6.41457 0.42472 0)
(6.41457 0.42472 29)
(6.85171 0.262514 0)
(6.85171 0.262514 29)
(7.28441 0.088751 0)
(7.28441 0.088751 29)
(7.71559 -0.088751 0)
(7.71559 -0.088751 29)
(8.14829 -0.262514 0)
(8.14829 -0.262514 29)
(8.58543 -0.42472 0)
(8.58543 -0.42472 29)
(9.02956 -0.566532 0)
(9.02956 -0.566532 29)
(9.48232 -0.677493 0)
(9.48232 -0.677493 29)
(9.94342 -0.745328 0)
(9.94342 -0.745328 29)
(10.4091 -0.766236 0)
(10.4091 -0.766236 29)
(10.8751 -0.752741 0)
(10.8751 -0.752741 29)
(11.3394 -0.710617 0)
(11.3394 -0.710617 29)
(11.8012 -0.645702 0)
(11.8012 -0.645702 29)
(12.2602 -0.563675 0)
(12.2602 -0.563675 29)
(12.7169 -0.46992 0)
(12.7169 -0.46992 29)
(13.1723 -0.369536 0)
(13.1723 -0.369536 29)
(13.6272 -0.267434 0)
(13.6272 -0.267434 29)
(14.0829 -0.168471 0)
(14.0829 -0.168471 29)
(14.5402 -0.0776018 0)
(14.5402 -0.0776018 29)
(15 0 0)
(15 0 29)

)

// ************************************************************************* //
