202
(
-4.45697248E-05
-4.45697248E-05
-6.21983690E-04
-6.21983690E-04
-1.73765545E-03
-1.73765545E-03
-2.74531091E-03
-2.74531091E-03
-3.74924567E-03
-3.74924567E-03
-5.03940877E-03
-5.03940877E-03
-6.64998981E-03
-6.64998981E-03
-7.97477064E-03
-7.97477064E-03
-8.31738022E-03
-8.31738022E-03
-7.50654434E-03
-7.50654434E-03
-5.92675841E-03
-5.92675841E-03
-4.17233435E-03
-4.17233435E-03
-2.49971458E-03
-2.49971458E-03
-1.01747197E-03
-1.01747197E-03
1.73813456E-04
1.73813456E-04
1.03050968E-03
1.03050968E-03
1.51710499E-03
1.51710499E-03
1.61334353E-03
1.61334353E-03
1.28941896E-03
1.28941896E-03
5.43179409E-04
5.43179409E-04
-6.09114169E-04
-6.09114169E-04
-2.14099898E-03
-2.14099898E-03
-4.00534149E-03
-4.00534149E-03
-6.16573904E-03
-6.16573904E-03
-8.57634047E-03
-8.57634047E-03
-1.12030581E-02
-1.12030581E-02
-1.38887870E-02
-1.38887870E-02
-1.64734964E-02
-1.64734964E-02
-1.86930683E-02
-1.86930683E-02
-2.02621814E-02
-2.02621814E-02
-2.13197757E-02
-2.13197757E-02
-2.19248726E-02
-2.19248726E-02
-2.20758410E-02
-2.20758410E-02
-2.20471967E-02
-2.20471967E-02
-2.18972477E-02
-2.18972477E-02
-2.04872579E-02
-2.04872579E-02
-1.77707441E-02
-1.77707441E-02
-1.55051988E-02
-1.55051988E-02
-1.39114169E-02
-1.39114169E-02
-1.25425076E-02
-1.25425076E-02
-1.15241590E-02
-1.15241590E-02
-1.08870540E-02
-1.08870540E-02
-1.05059123E-02
-1.05059123E-02
-1.01542202E-02
-1.01542202E-02
-9.79081549E-03
-9.79081549E-03
-9.58808359E-03
-9.58808359E-03
-9.76303772E-03
-9.76303772E-03
-1.03734964E-02
-1.03734964E-02
-1.15998981E-02
-1.15998981E-02
-1.45104995E-02
-1.45104995E-02
-1.82752294E-02
-1.82752294E-02
-1.58392457E-02
-1.58392457E-02
-2.47026504E-03
-2.47026504E-03
1.28814475E-02
1.28814475E-02
1.77356779E-02
1.77356779E-02
1.43385321E-02
1.43385321E-02
1.14361876E-02
1.14361876E-02
7.46401631E-03
7.46401631E-03
-7.65779817E-03
-7.65779817E-03
-4.10396534E-02
-4.10396534E-02
-8.05217125E-02
-8.05217125E-02
-1.03277268E-01
-1.03277268E-01
-1.01887870E-01
-1.01887870E-01
-8.24783894E-02
-8.24783894E-02
-5.19606524E-02
-5.19606524E-02
-1.70506626E-02
-1.70506626E-02
1.67523955E-02
1.67523955E-02
4.77938838E-02
4.77938838E-02
7.43116208E-02
7.43116208E-02
9.47611621E-02
9.47611621E-02
1.10303772E-01
1.10303772E-01
1.22634047E-01
1.22634047E-01
1.33018349E-01
1.33018349E-01
1.41510703E-01
1.41510703E-01
1.47693170E-01
1.47693170E-01
1.50782875E-01
1.50782875E-01
1.50005097E-01
1.50005097E-01
1.45306830E-01
1.45306830E-01
1.37137615E-01
1.37137615E-01
1.26248726E-01
1.26248726E-01
1.13485219E-01
1.13485219E-01
9.96029562E-02
9.96029562E-02
8.58036697E-02
8.58036697E-02
7.33880734E-02
7.33880734E-02
6.26533129E-02
6.26533129E-02
5.34927625E-02
5.34927625E-02
4.61096840E-02
4.61096840E-02
4.02787971E-02
4.02787971E-02
3.51832824E-02
3.51832824E-02
3.04319062E-02
3.04319062E-02
2.60727829E-02
2.60727829E-02
2.20964322E-02
2.20964322E-02
1.84365953E-02
1.84365953E-02
1.50740061E-02
1.50740061E-02
1.20488277E-02
1.20488277E-02
9.38514781E-03
9.38514781E-03
7.09139653E-03
7.09139653E-03
5.12931702E-03
5.12931702E-03
3.43289501E-03
3.43289501E-03
1.92481142E-03
1.92481142E-03
1.20272171E-03
1.20272171E-03
)
