202
(
3.69109072E-03
3.69109072E-03
3.13338430E-03
3.13338430E-03
1.92057085E-03
1.92057085E-03
5.14539246E-04
5.14539246E-04
-1.00562385E-03
-1.00562385E-03
-2.46553517E-03
-2.46553517E-03
-3.81745158E-03
-3.81745158E-03
-5.15177370E-03
-5.15177370E-03
-6.52230377E-03
-6.52230377E-03
-7.59478084E-03
-7.59478084E-03
-7.74220183E-03
-7.74220183E-03
-6.92414883E-03
-6.92414883E-03
-5.58131498E-03
-5.58131498E-03
-4.12322120E-03
-4.12322120E-03
-2.84882773E-03
-2.84882773E-03
-1.86802243E-03
-1.86802243E-03
-1.23231397E-03
-1.23231397E-03
-9.66029562E-04
-9.66029562E-04
-1.09399592E-03
-1.09399592E-03
-1.63161060E-03
-1.63161060E-03
-2.56541284E-03
-2.56541284E-03
-3.87724771E-03
-3.87724771E-03
-5.52375127E-03
-5.52375127E-03
-7.47089704E-03
-7.47089704E-03
-9.68361876E-03
-9.68361876E-03
-1.21303772E-02
-1.21303772E-02
-1.46937819E-02
-1.46937819E-02
-1.72040775E-02
-1.72040775E-02
-1.93205912E-02
-1.93205912E-02
-2.07984709E-02
-2.07984709E-02
-2.18092762E-02
-2.18092762E-02
-2.23990826E-02
-2.23990826E-02
-2.24691131E-02
-2.24691131E-02
-2.22660550E-02
-2.22660550E-02
-2.20197757E-02
-2.20197757E-02
-2.07841998E-02
-2.07841998E-02
-1.81226300E-02
-1.81226300E-02
-1.55613660E-02
-1.55613660E-02
-1.37967380E-02
-1.37967380E-02
-1.24038736E-02
-1.24038736E-02
-1.13803262E-02
-1.13803262E-02
-1.07378186E-02
-1.07378186E-02
-1.02503568E-02
-1.02503568E-02
-9.71587156E-03
-9.71587156E-03
-9.14765545E-03
-9.14765545E-03
-8.84318043E-03
-8.84318043E-03
-9.08272171E-03
-9.08272171E-03
-9.80459735E-03
-9.80459735E-03
-1.12497452E-02
-1.12497452E-02
-1.46324159E-02
-1.46324159E-02
-1.85891947E-02
-1.85891947E-02
-1.55376147E-02
-1.55376147E-02
-7.07726809E-04
-7.07726809E-04
1.65507645E-02
1.65507645E-02
2.26413863E-02
2.26413863E-02
1.94063201E-02
1.94063201E-02
1.63824669E-02
1.63824669E-02
1.30370031E-02
1.30370031E-02
-6.25840979E-04
-6.25840979E-04
-3.43702345E-02
-3.43702345E-02
-7.82553517E-02
-7.82553517E-02
-1.06680938E-01
-1.06680938E-01
-1.08600408E-01
-1.08600408E-01
-8.99683996E-02
-8.99683996E-02
-5.89057085E-02
-5.89057085E-02
-2.24367992E-02
-2.24367992E-02
1.35060143E-02
1.35060143E-02
4.58338430E-02
4.58338430E-02
7.28415902E-02
7.28415902E-02
9.42350663E-02
9.42350663E-02
1.11123344E-01
1.11123344E-01
1.23850153E-01
1.23850153E-01
1.32806320E-01
1.32806320E-01
1.38847095E-01
1.38847095E-01
1.42943935E-01
1.42943935E-01
1.45472987E-01
1.45472987E-01
1.46355759E-01
1.46355759E-01
1.45428135E-01
1.45428135E-01
1.42365953E-01
1.42365953E-01
1.36935780E-01
1.36935780E-01
1.29163099E-01
1.29163099E-01
1.19372069E-01
1.19372069E-01
1.08084608E-01
1.08084608E-01
9.57525994E-02
9.57525994E-02
8.31943935E-02
8.31943935E-02
7.15487258E-02
7.15487258E-02
6.15292559E-02
6.15292559E-02
5.30383282E-02
5.30383282E-02
4.56264016E-02
4.56264016E-02
3.92242610E-02
3.92242610E-02
3.38002039E-02
3.38002039E-02
2.91063201E-02
2.91063201E-02
2.49173293E-02
2.49173293E-02
2.11286442E-02
2.11286442E-02
1.76907238E-02
1.76907238E-02
1.45711519E-02
1.45711519E-02
1.17939857E-02
1.17939857E-02
9.38832824E-03
9.38832824E-03
7.35741081E-03
7.35741081E-03
5.67759429E-03
5.67759429E-03
4.91600408E-03
4.91600408E-03
)
