202
(
7.79439348E-02
7.79439348E-02
7.74584098E-02
7.74584098E-02
7.63665647E-02
7.63665647E-02
7.49044852E-02
7.49044852E-02
7.30392457E-02
7.30392457E-02
7.07954128E-02
7.07954128E-02
6.81161060E-02
6.81161060E-02
6.49855250E-02
6.49855250E-02
6.13861366E-02
6.13861366E-02
5.73321101E-02
5.73321101E-02
5.28225280E-02
5.28225280E-02
4.78820591E-02
4.78820591E-02
4.25269113E-02
4.25269113E-02
3.67856269E-02
3.67856269E-02
3.06981651E-02
3.06981651E-02
2.43607543E-02
2.43607543E-02
1.78699286E-02
1.78699286E-02
1.12183486E-02
1.12183486E-02
4.29205912E-03
4.29205912E-03
-2.79397554E-03
-2.79397554E-03
-9.84902141E-03
-9.84902141E-03
-1.67197757E-02
-1.67197757E-02
-2.30884811E-02
-2.30884811E-02
-2.87560652E-02
-2.87560652E-02
-3.37414883E-02
-3.37414883E-02
-3.79145770E-02
-3.79145770E-02
-4.11446483E-02
-4.11446483E-02
-4.34114169E-02
-4.34114169E-02
-4.49187564E-02
-4.49187564E-02
-4.59207951E-02
-4.59207951E-02
-4.69673802E-02
-4.69673802E-02
-4.79606524E-02
-4.79606524E-02
-4.75325178E-02
-4.75325178E-02
-4.53629969E-02
-4.53629969E-02
-4.23560652E-02
-4.23560652E-02
-3.95074414E-02
-3.95074414E-02
-3.73043833E-02
-3.73043833E-02
-3.55854230E-02
-3.55854230E-02
-3.39767584E-02
-3.39767584E-02
-3.24530071E-02
-3.24530071E-02
-3.11974516E-02
-3.11974516E-02
-3.01132518E-02
-3.01132518E-02
-2.93675841E-02
-2.93675841E-02
-3.09920489E-02
-3.09920489E-02
-3.82343527E-02
-3.82343527E-02
-4.84523955E-02
-4.84523955E-02
-4.82545362E-02
-4.82545362E-02
-3.13589195E-02
-3.13589195E-02
-7.44149847E-03
-7.44149847E-03
1.27369011E-02
1.27369011E-02
2.56909276E-02
2.56909276E-02
3.30777778E-02
3.30777778E-02
3.71992864E-02
3.71992864E-02
3.98235474E-02
3.98235474E-02
4.17173293E-02
4.17173293E-02
4.31446483E-02
4.31446483E-02
4.42412844E-02
4.42412844E-02
4.50392457E-02
4.50392457E-02
4.58266055E-02
4.58266055E-02
4.73247706E-02
4.73247706E-02
4.93372069E-02
4.93372069E-02
4.90187564E-02
4.90187564E-02
4.55658512E-02
4.55658512E-02
4.07192661E-02
4.07192661E-02
3.10989806E-02
3.10989806E-02
8.20259939E-03
8.20259939E-03
-2.68505607E-02
-2.68505607E-02
-5.61443425E-02
-5.61443425E-02
-6.66207951E-02
-6.66207951E-02
-6.07939857E-02
-6.07939857E-02
-4.52500510E-02
-4.52500510E-02
-2.30863405E-02
-2.30863405E-02
2.87196738E-03
2.87196738E-03
2.73687054E-02
2.73687054E-02
4.86171254E-02
4.86171254E-02
6.60161060E-02
6.60161060E-02
7.92086646E-02
7.92086646E-02
8.92616718E-02
8.92616718E-02
9.64653415E-02
9.64653415E-02
1.01451886E-01
1.01451886E-01
1.04749235E-01
1.04749235E-01
1.06667686E-01
1.06667686E-01
1.07709480E-01
1.07709480E-01
1.08205912E-01
1.08205912E-01
1.08216106E-01
1.08216106E-01
1.07786952E-01
1.07786952E-01
1.06971458E-01
1.06971458E-01
1.05822630E-01
1.05822630E-01
1.04389399E-01
1.04389399E-01
1.02694190E-01
1.02694190E-01
1.00758410E-01
1.00758410E-01
9.86141692E-02
9.86141692E-02
9.62995923E-02
9.62995923E-02
9.38539246E-02
9.38539246E-02
9.13364934E-02
9.13364934E-02
8.87734964E-02
8.87734964E-02
8.62116208E-02
8.62116208E-02
8.37528033E-02
8.37528033E-02
8.15904179E-02
8.15904179E-02
7.98784913E-02
7.98784913E-02
7.91312946E-02
7.91312946E-02
)
