202
(
2.55521916E-02
2.55521916E-02
2.51165138E-02
2.51165138E-02
2.40002039E-02
2.40002039E-02
2.24049949E-02
2.24049949E-02
2.04481142E-02
2.04481142E-02
1.81596330E-02
1.81596330E-02
1.56667686E-02
1.56667686E-02
1.30651376E-02
1.30651376E-02
1.03615698E-02
1.03615698E-02
7.63695209E-03
7.63695209E-03
4.87496432E-03
4.87496432E-03
2.16674822E-03
2.16674822E-03
-4.18385321E-04
-4.18385321E-04
-2.85938838E-03
-2.85938838E-03
-5.15097859E-03
-5.15097859E-03
-7.30711519E-03
-7.30711519E-03
-9.37318043E-03
-9.37318043E-03
-1.13476045E-02
-1.13476045E-02
-1.30334353E-02
-1.30334353E-02
-1.41461774E-02
-1.41461774E-02
-1.44917431E-02
-1.44917431E-02
-1.40059123E-02
-1.40059123E-02
-1.28890928E-02
-1.28890928E-02
-1.16179409E-02
-1.16179409E-02
-1.05353721E-02
-1.05353721E-02
-9.74915392E-03
-9.74915392E-03
-9.26574924E-03
-9.26574924E-03
-8.99438328E-03
-8.99438328E-03
-8.77102956E-03
-8.77102956E-03
-8.43082569E-03
-8.43082569E-03
-8.07311927E-03
-8.07311927E-03
-7.78708461E-03
-7.78708461E-03
-7.39777778E-03
-7.39777778E-03
-6.85795107E-03
-6.85795107E-03
-5.97556575E-03
-5.97556575E-03
-4.18231397E-03
-4.18231397E-03
-1.93080530E-03
-1.93080530E-03
-2.52916412E-04
-2.52916412E-04
9.24586137E-04
9.24586137E-04
1.79793068E-03
1.79793068E-03
2.41064220E-03
2.41064220E-03
2.95666667E-03
2.95666667E-03
3.41759429E-03
3.41759429E-03
3.78275229E-03
3.78275229E-03
3.97018349E-03
3.97018349E-03
3.90061162E-03
3.90061162E-03
3.64202854E-03
3.64202854E-03
3.29983690E-03
3.29983690E-03
2.82778797E-03
2.82778797E-03
1.49698267E-03
1.49698267E-03
-1.56352701E-03
-1.56352701E-03
-4.36143731E-03
-4.36143731E-03
-1.36670744E-03
-1.36670744E-03
9.25757390E-03
9.25757390E-03
1.83086646E-02
1.83086646E-02
1.06545362E-02
1.06545362E-02
-8.38008155E-03
-8.38008155E-03
-1.53634047E-02
-1.53634047E-02
-1.00143935E-02
-1.00143935E-02
-6.93559633E-03
-6.93559633E-03
-9.90116208E-03
-9.90116208E-03
-2.06664628E-02
-2.06664628E-02
-4.42678899E-02
-4.42678899E-02
-7.55963303E-02
-7.55963303E-02
-9.89185525E-02
-9.89185525E-02
-1.06271152E-01
-1.06271152E-01
-9.88451580E-02
-9.88451580E-02
-7.95083588E-02
-7.95083588E-02
-5.02926606E-02
-5.02926606E-02
-1.47898063E-02
-1.47898063E-02
2.20864424E-02
2.20864424E-02
5.68809378E-02
5.68809378E-02
8.68046891E-02
8.68046891E-02
1.10580020E-01
1.10580020E-01
1.28147808E-01
1.28147808E-01
1.40354740E-01
1.40354740E-01
1.48704383E-01
1.48704383E-01
1.54331295E-01
1.54331295E-01
1.57915392E-01
1.57915392E-01
1.59685015E-01
1.59685015E-01
1.59847095E-01
1.59847095E-01
1.58696228E-01
1.58696228E-01
1.56493374E-01
1.56493374E-01
1.53261978E-01
1.53261978E-01
1.48877676E-01
1.48877676E-01
1.43014271E-01
1.43014271E-01
1.35169215E-01
1.35169215E-01
1.25538226E-01
1.25538226E-01
1.14937819E-01
1.14937819E-01
1.03699286E-01
1.03699286E-01
9.18872579E-02
9.18872579E-02
7.99814475E-02
7.99814475E-02
6.86950051E-02
6.86950051E-02
5.85828746E-02
5.85828746E-02
4.99353721E-02
4.99353721E-02
4.28347604E-02
4.28347604E-02
3.72278287E-02
3.72278287E-02
3.29290520E-02
3.29290520E-02
2.97449541E-02
2.97449541E-02
2.75284404E-02
2.75284404E-02
2.66386340E-02
2.66386340E-02
)
