202
(
3.23905199E-02
3.23905199E-02
3.17583078E-02
3.17583078E-02
3.03916412E-02
3.03916412E-02
2.88217125E-02
2.88217125E-02
2.71073394E-02
2.71073394E-02
2.51359837E-02
2.51359837E-02
2.27499490E-02
2.27499490E-02
2.00399592E-02
2.00399592E-02
1.71064220E-02
1.71064220E-02
1.39926606E-02
1.39926606E-02
1.07825688E-02
1.07825688E-02
7.61532110E-03
7.61532110E-03
4.57221203E-03
4.57221203E-03
1.68704383E-03
1.68704383E-03
-1.02351682E-03
-1.02351682E-03
-3.57805301E-03
-3.57805301E-03
-5.97861366E-03
-5.97861366E-03
-8.18206932E-03
-8.18206932E-03
-1.02395515E-02
-1.02395515E-02
-1.22691131E-02
-1.22691131E-02
-1.41124363E-02
-1.41124363E-02
-1.54197757E-02
-1.54197757E-02
-1.60172273E-02
-1.60172273E-02
-1.59127421E-02
-1.59127421E-02
-1.52036697E-02
-1.52036697E-02
-1.42154944E-02
-1.42154944E-02
-1.32983690E-02
-1.32983690E-02
-1.25696228E-02
-1.25696228E-02
-1.19697248E-02
-1.19697248E-02
-1.13778797E-02
-1.13778797E-02
-1.08663609E-02
-1.08663609E-02
-1.04432212E-02
-1.04432212E-02
-9.94460754E-03
-9.94460754E-03
-9.33699286E-03
-9.33699286E-03
-8.45399592E-03
-8.45399592E-03
-6.78031600E-03
-6.78031600E-03
-4.67145770E-03
-4.67145770E-03
-3.09007136E-03
-3.09007136E-03
-1.99702345E-03
-1.99702345E-03
-1.20475025E-03
-1.20475025E-03
-7.02524975E-04
-7.02524975E-04
-3.41196738E-04
-3.41196738E-04
-6.99474006E-05
-6.99474006E-05
1.92126402E-04
1.92126402E-04
3.39264016E-04
3.39264016E-04
1.98853211E-04
1.98853211E-04
-2.11033639E-04
-2.11033639E-04
-6.75794088E-04
-6.75794088E-04
-1.12847095E-03
-1.12847095E-03
-2.48690112E-03
-2.48690112E-03
-6.36289501E-03
-6.36289501E-03
-1.18329256E-02
-1.18329256E-02
-1.12466871E-02
-1.12466871E-02
1.95479103E-03
1.95479103E-03
2.11994903E-02
2.11994903E-02
2.51907238E-02
2.51907238E-02
7.48048930E-03
7.48048930E-03
-7.24943935E-03
-7.24943935E-03
-5.76975535E-03
-5.76975535E-03
-7.64513761E-04
-7.64513761E-04
-9.59462793E-04
-9.59462793E-04
-7.34538226E-03
-7.34538226E-03
-2.58902141E-02
-2.58902141E-02
-5.90295617E-02
-5.90295617E-02
-9.21756371E-02
-9.21756371E-02
-1.10059123E-01
-1.10059123E-01
-1.09677880E-01
-1.09677880E-01
-9.31875637E-02
-9.31875637E-02
-6.42356779E-02
-6.42356779E-02
-2.70273191E-02
-2.70273191E-02
1.28694190E-02
1.28694190E-02
5.00548420E-02
5.00548420E-02
8.18090724E-02
8.18090724E-02
1.07943935E-01
1.07943935E-01
1.28383282E-01
1.28383282E-01
1.43205912E-01
1.43205912E-01
1.53086646E-01
1.53086646E-01
1.59208970E-01
1.59208970E-01
1.62654434E-01
1.62654434E-01
1.63782875E-01
1.63782875E-01
1.62907238E-01
1.62907238E-01
1.60570846E-01
1.60570846E-01
1.57185525E-01
1.57185525E-01
1.53013252E-01
1.53013252E-01
1.48265036E-01
1.48265036E-01
1.42959225E-01
1.42959225E-01
1.36908257E-01
1.36908257E-01
1.30128440E-01
1.30128440E-01
1.22786952E-01
1.22786952E-01
1.14716616E-01
1.14716616E-01
1.05725790E-01
1.05725790E-01
9.60371050E-02
9.60371050E-02
8.59534149E-02
8.59534149E-02
7.58888889E-02
7.58888889E-02
6.63297655E-02
6.63297655E-02
5.75311927E-02
5.75311927E-02
4.97660550E-02
4.97660550E-02
4.34646279E-02
4.34646279E-02
3.87667686E-02
3.87667686E-02
3.54401631E-02
3.54401631E-02
3.40759429E-02
3.40759429E-02
)
