202
(
1.79584098E-03
1.79584098E-03
1.21902141E-03
1.21902141E-03
1.33211009E-05
1.33211009E-05
-1.23388379E-03
-1.23388379E-03
-2.44453619E-03
-2.44453619E-03
-3.73626911E-03
-3.73626911E-03
-5.25241590E-03
-5.25241590E-03
-6.71450561E-03
-6.71450561E-03
-7.50347604E-03
-7.50347604E-03
-7.24671764E-03
-7.24671764E-03
-6.13405708E-03
-6.13405708E-03
-4.65192661E-03
-4.65192661E-03
-3.15831804E-03
-3.15831804E-03
-1.84670744E-03
-1.84670744E-03
-8.01782875E-04
-8.01782875E-04
-6.54602446E-05
-6.54602446E-05
3.23060143E-04
3.23060143E-04
3.47068298E-04
3.47068298E-04
-2.91141692E-05
-2.91141692E-05
-8.07441386E-04
-8.07441386E-04
-1.97511723E-03
-1.97511723E-03
-3.51425076E-03
-3.51425076E-03
-5.37625892E-03
-5.37625892E-03
-7.52911315E-03
-7.52911315E-03
-9.93528033E-03
-9.93528033E-03
-1.25611621E-02
-1.25611621E-02
-1.52764526E-02
-1.52764526E-02
-1.78841998E-02
-1.78841998E-02
-2.00917431E-02
-2.00917431E-02
-2.17718654E-02
-2.17718654E-02
-2.29511723E-02
-2.29511723E-02
-2.35260958E-02
-2.35260958E-02
-2.35713558E-02
-2.35713558E-02
-2.34308869E-02
-2.34308869E-02
-2.32416922E-02
-2.32416922E-02
-2.18876656E-02
-2.18876656E-02
-1.92705403E-02
-1.92705403E-02
-1.70500510E-02
-1.70500510E-02
-1.54966361E-02
-1.54966361E-02
-1.42597350E-02
-1.42597350E-02
-1.33834862E-02
-1.33834862E-02
-1.27378186E-02
-1.27378186E-02
-1.22010194E-02
-1.22010194E-02
-1.17453619E-02
-1.17453619E-02
-1.15082569E-02
-1.15082569E-02
-1.15673802E-02
-1.15673802E-02
-1.19019368E-02
-1.19019368E-02
-1.25561672E-02
-1.25561672E-02
-1.40658512E-02
-1.40658512E-02
-1.65252803E-02
-1.65252803E-02
-1.62048930E-02
-1.62048930E-02
-8.30857288E-03
-8.30857288E-03
4.48785933E-03
4.48785933E-03
1.17384302E-02
1.17384302E-02
9.99156983E-03
9.99156983E-03
6.49605505E-03
6.49605505E-03
4.83071356E-03
4.83071356E-03
-9.50616718E-04
-9.50616718E-04
-2.19356779E-02
-2.19356779E-02
-6.14150866E-02
-6.14150866E-02
-1.00628542E-01
-1.00628542E-01
-1.16701325E-01
-1.16701325E-01
-1.07829766E-01
-1.07829766E-01
-8.24481142E-02
-8.24481142E-02
-4.68461774E-02
-4.68461774E-02
-8.17517839E-03
-8.17517839E-03
2.75910296E-02
2.75910296E-02
5.85110092E-02
5.85110092E-02
8.38067278E-02
8.38067278E-02
1.03179409E-01
1.03179409E-01
1.17310907E-01
1.17310907E-01
1.27371050E-01
1.27371050E-01
1.34632008E-01
1.34632008E-01
1.39940877E-01
1.39940877E-01
1.43738022E-01
1.43738022E-01
1.46083588E-01
1.46083588E-01
1.46516820E-01
1.46516820E-01
1.44449541E-01
1.44449541E-01
1.39519878E-01
1.39519878E-01
1.31798165E-01
1.31798165E-01
1.21714577E-01
1.21714577E-01
1.09865443E-01
1.09865443E-01
9.68883792E-02
9.68883792E-02
8.37928644E-02
8.37928644E-02
7.16177370E-02
7.16177370E-02
6.10179409E-02
6.10179409E-02
5.23971458E-02
5.23971458E-02
4.54566769E-02
4.54566769E-02
3.95012232E-02
3.95012232E-02
3.41948012E-02
3.41948012E-02
2.94676860E-02
2.94676860E-02
2.52091743E-02
2.52091743E-02
2.13313965E-02
2.13313965E-02
1.78123344E-02
1.78123344E-02
1.46229358E-02
1.46229358E-02
1.17576962E-02
1.17576962E-02
9.25621814E-03
9.25621814E-03
7.11516820E-03
7.11516820E-03
5.29758410E-03
5.29758410E-03
3.74967380E-03
3.74967380E-03
3.03267074E-03
3.03267074E-03
)
